0.000000000000000000e+00 1.034019000000000000e+06
5.000000000000000000e-01 1.033277000000000000e+06
1.000000000000000000e+00 1.034446000000000000e+06
1.500000000000000000e+00 1.033502000000000000e+06
2.000000000000000000e+00 1.033795000000000000e+06
2.500000000000000000e+00 1.033214000000000000e+06
3.000000000000000000e+00 1.033035000000000000e+06
3.500000000000000000e+00 1.033540000000000000e+06
4.000000000000000000e+00 1.034744000000000000e+06
4.500000000000000000e+00 1.036785000000000000e+06
5.000000000000000000e+00 1.036987000000000000e+06
5.500000000000000000e+00 1.039435000000000000e+06
6.000000000000000000e+00 1.038446000000000000e+06
6.500000000000000000e+00 1.040356000000000000e+06
7.000000000000000000e+00 1.040141000000000000e+06
7.500000000000000000e+00 1.042629000000000000e+06
8.000000000000000000e+00 1.044573000000000000e+06
8.500000000000000000e+00 1.044104000000000000e+06
9.000000000000000000e+00 1.045880000000000000e+06
9.500000000000000000e+00 1.046951000000000000e+06
1.000000000000000000e+01 1.046633000000000000e+06
1.050000000000000000e+01 1.047867000000000000e+06
1.100000000000000000e+01 1.051127000000000000e+06
1.150000000000000000e+01 1.052821000000000000e+06
1.200000000000000000e+01 1.053113000000000000e+06
1.250000000000000000e+01 1.054287000000000000e+06
1.300000000000000000e+01 1.056404000000000000e+06
1.350000000000000000e+01 1.057576000000000000e+06
1.400000000000000000e+01 1.060817000000000000e+06
1.450000000000000000e+01 1.063740000000000000e+06
1.500000000000000000e+01 1.061880000000000000e+06
1.550000000000000000e+01 1.064775000000000000e+06
1.600000000000000000e+01 1.065761000000000000e+06
1.650000000000000000e+01 1.068700000000000000e+06
1.700000000000000000e+01 1.068279000000000000e+06
1.750000000000000000e+01 1.069248000000000000e+06
1.800000000000000000e+01 1.072026000000000000e+06
1.850000000000000000e+01 1.073911000000000000e+06
1.900000000000000000e+01 1.074843000000000000e+06
1.950000000000000000e+01 1.075961000000000000e+06
2.000000000000000000e+01 1.076453000000000000e+06
2.050000000000000000e+01 1.077775000000000000e+06
2.100000000000000000e+01 1.078936000000000000e+06
2.150000000000000000e+01 1.079634000000000000e+06
2.200000000000000000e+01 1.077896000000000000e+06
2.250000000000000000e+01 1.081260000000000000e+06
2.300000000000000000e+01 1.082906000000000000e+06
2.350000000000000000e+01 1.080899000000000000e+06
2.400000000000000000e+01 1.084343000000000000e+06
2.450000000000000000e+01 1.082030000000000000e+06
2.500000000000000000e+01 1.083949000000000000e+06
2.550000000000000000e+01 1.083322000000000000e+06
2.600000000000000000e+01 1.083856000000000000e+06
2.650000000000000000e+01 1.082787000000000000e+06
2.700000000000000000e+01 1.081938000000000000e+06
2.750000000000000000e+01 1.082195000000000000e+06
2.800000000000000000e+01 1.083252000000000000e+06
2.850000000000000000e+01 1.081888000000000000e+06
2.900000000000000000e+01 1.082264000000000000e+06
2.950000000000000000e+01 1.081454000000000000e+06
3.000000000000000000e+01 1.080773000000000000e+06
3.050000000000000000e+01 1.079678000000000000e+06
3.100000000000000000e+01 1.077406000000000000e+06
3.150000000000000000e+01 1.076885000000000000e+06
3.200000000000000000e+01 1.076757000000000000e+06
3.250000000000000000e+01 1.075647000000000000e+06
3.300000000000000000e+01 1.075137000000000000e+06
3.350000000000000000e+01 1.073140000000000000e+06
3.400000000000000000e+01 1.069935000000000000e+06
3.450000000000000000e+01 1.069219000000000000e+06
3.500000000000000000e+01 1.068837000000000000e+06
3.550000000000000000e+01 1.066360000000000000e+06
3.600000000000000000e+01 1.066085000000000000e+06
3.650000000000000000e+01 1.064438000000000000e+06
3.700000000000000000e+01 1.062528000000000000e+06
3.750000000000000000e+01 1.061489000000000000e+06
3.800000000000000000e+01 1.058327000000000000e+06
3.850000000000000000e+01 1.058607000000000000e+06
3.900000000000000000e+01 1.057579000000000000e+06
3.950000000000000000e+01 1.052109000000000000e+06
4.000000000000000000e+01 1.051688000000000000e+06
4.050000000000000000e+01 1.052225000000000000e+06
4.100000000000000000e+01 1.049999000000000000e+06
4.150000000000000000e+01 1.048114000000000000e+06
4.200000000000000000e+01 1.046576000000000000e+06
4.250000000000000000e+01 1.044039000000000000e+06
4.300000000000000000e+01 1.043766000000000000e+06
4.350000000000000000e+01 1.044655000000000000e+06
4.400000000000000000e+01 1.042329000000000000e+06
4.450000000000000000e+01 1.040037000000000000e+06
4.500000000000000000e+01 1.041021000000000000e+06
4.550000000000000000e+01 1.039430000000000000e+06
4.600000000000000000e+01 1.038347000000000000e+06
4.650000000000000000e+01 1.036622000000000000e+06
4.700000000000000000e+01 1.037536000000000000e+06
4.750000000000000000e+01 1.034080000000000000e+06
4.800000000000000000e+01 1.034132000000000000e+06
4.850000000000000000e+01 1.035709000000000000e+06
4.900000000000000000e+01 1.033332000000000000e+06
4.950000000000000000e+01 1.033784000000000000e+06
5.000000000000000000e+01 1.035530000000000000e+06
5.050000000000000000e+01 1.034008000000000000e+06
5.100000000000000000e+01 1.032509000000000000e+06
5.150000000000000000e+01 1.033824000000000000e+06
5.200000000000000000e+01 1.034435000000000000e+06
5.250000000000000000e+01 1.033066000000000000e+06
5.300000000000000000e+01 1.033950000000000000e+06
5.350000000000000000e+01 1.037569000000000000e+06
5.400000000000000000e+01 1.035246000000000000e+06
5.450000000000000000e+01 1.036240000000000000e+06
5.500000000000000000e+01 1.035675000000000000e+06
5.550000000000000000e+01 1.038739000000000000e+06
5.600000000000000000e+01 1.038001000000000000e+06
5.650000000000000000e+01 1.039036000000000000e+06
5.700000000000000000e+01 1.040526000000000000e+06
5.750000000000000000e+01 1.040928000000000000e+06
5.800000000000000000e+01 1.043079000000000000e+06
5.850000000000000000e+01 1.043964000000000000e+06
5.900000000000000000e+01 1.043941000000000000e+06
5.950000000000000000e+01 1.046069000000000000e+06
6.000000000000000000e+01 1.047626000000000000e+06
6.050000000000000000e+01 1.049586000000000000e+06
6.100000000000000000e+01 1.051242000000000000e+06
6.150000000000000000e+01 1.052714000000000000e+06
6.200000000000000000e+01 1.054953000000000000e+06
6.250000000000000000e+01 1.052266000000000000e+06
6.300000000000000000e+01 1.057025000000000000e+06
6.350000000000000000e+01 1.059065000000000000e+06
6.400000000000000000e+01 1.058634000000000000e+06
6.450000000000000000e+01 1.061063000000000000e+06
6.500000000000000000e+01 1.061538000000000000e+06
6.550000000000000000e+01 1.065297000000000000e+06
6.600000000000000000e+01 1.066357000000000000e+06
6.650000000000000000e+01 1.067205000000000000e+06
6.700000000000000000e+01 1.068812000000000000e+06
6.750000000000000000e+01 1.071283000000000000e+06
6.800000000000000000e+01 1.070186000000000000e+06
6.850000000000000000e+01 1.073613000000000000e+06
6.900000000000000000e+01 1.075227000000000000e+06
6.950000000000000000e+01 1.074521000000000000e+06
7.000000000000000000e+01 1.077516000000000000e+06
7.050000000000000000e+01 1.076835000000000000e+06
7.100000000000000000e+01 1.078725000000000000e+06
7.150000000000000000e+01 1.082404000000000000e+06
7.200000000000000000e+01 1.080176000000000000e+06
7.250000000000000000e+01 1.081346000000000000e+06
7.300000000000000000e+01 1.083109000000000000e+06
7.350000000000000000e+01 1.083348000000000000e+06
7.400000000000000000e+01 1.083187000000000000e+06
7.450000000000000000e+01 1.081887000000000000e+06
7.500000000000000000e+01 1.081693000000000000e+06
7.550000000000000000e+01 1.084571000000000000e+06
7.600000000000000000e+01 1.083982000000000000e+06
7.650000000000000000e+01 1.081142000000000000e+06
7.700000000000000000e+01 1.083192000000000000e+06
7.750000000000000000e+01 1.082313000000000000e+06
7.800000000000000000e+01 1.083147000000000000e+06
7.850000000000000000e+01 1.080104000000000000e+06
7.900000000000000000e+01 1.080344000000000000e+06
7.950000000000000000e+01 1.080243000000000000e+06
8.000000000000000000e+01 1.080897000000000000e+06
8.050000000000000000e+01 1.078231000000000000e+06
8.100000000000000000e+01 1.076018000000000000e+06
8.150000000000000000e+01 1.077411000000000000e+06
8.200000000000000000e+01 1.074611000000000000e+06
8.250000000000000000e+01 1.075511000000000000e+06
8.300000000000000000e+01 1.073528000000000000e+06
8.350000000000000000e+01 1.073664000000000000e+06
8.400000000000000000e+01 1.070049000000000000e+06
8.450000000000000000e+01 1.070550000000000000e+06
8.500000000000000000e+01 1.067448000000000000e+06
8.550000000000000000e+01 1.066695000000000000e+06
8.600000000000000000e+01 1.067553000000000000e+06
8.650000000000000000e+01 1.063589000000000000e+06
8.700000000000000000e+01 1.061391000000000000e+06
8.750000000000000000e+01 1.059529000000000000e+06
8.800000000000000000e+01 1.058045000000000000e+06
8.850000000000000000e+01 1.057257000000000000e+06
8.900000000000000000e+01 1.056667000000000000e+06
8.950000000000000000e+01 1.053679000000000000e+06
9.000000000000000000e+01 1.055139000000000000e+06
9.050000000000000000e+01 1.052244000000000000e+06
9.100000000000000000e+01 1.050868000000000000e+06
9.150000000000000000e+01 1.047947000000000000e+06
9.200000000000000000e+01 1.045210000000000000e+06
9.250000000000000000e+01 1.045027000000000000e+06
9.300000000000000000e+01 1.041934000000000000e+06
9.350000000000000000e+01 1.043147000000000000e+06
9.400000000000000000e+01 1.040405000000000000e+06
9.450000000000000000e+01 1.039824000000000000e+06
9.500000000000000000e+01 1.040249000000000000e+06
9.550000000000000000e+01 1.038357000000000000e+06
9.600000000000000000e+01 1.036567000000000000e+06
9.650000000000000000e+01 1.036722000000000000e+06
9.700000000000000000e+01 1.034389000000000000e+06
9.750000000000000000e+01 1.032720000000000000e+06
9.800000000000000000e+01 1.032527000000000000e+06
9.850000000000000000e+01 1.033307000000000000e+06
9.900000000000000000e+01 1.035792000000000000e+06
9.950000000000000000e+01 1.033309000000000000e+06
