0.000000000000000000e+00 3.815400000000000000e+04
1.000000000000000000e+03 3.874600000000000000e+04
2.000000000000000000e+03 3.979000000000000000e+04
3.000000000000000000e+03 4.090300000000000000e+04
4.000000000000000000e+03 4.133100000000000000e+04
5.000000000000000000e+03 4.206400000000000000e+04
6.000000000000000000e+03 4.264800000000000000e+04
7.000000000000000000e+03 4.392300000000000000e+04
8.000000000000000000e+03 4.390600000000000000e+04
9.000000000000000000e+03 4.461000000000000000e+04
1.000000000000000000e+04 4.463300000000000000e+04
1.100000000000000000e+04 4.448500000000000000e+04
1.200000000000000000e+04 4.540800000000000000e+04
1.300000000000000000e+04 4.534200000000000000e+04
1.400000000000000000e+04 4.622800000000000000e+04
1.500000000000000000e+04 4.558200000000000000e+04
1.600000000000000000e+04 4.578900000000000000e+04
1.700000000000000000e+04 4.604700000000000000e+04
1.800000000000000000e+04 4.618500000000000000e+04
1.900000000000000000e+04 4.671300000000000000e+04
2.000000000000000000e+04 4.650300000000000000e+04
2.100000000000000000e+04 4.622900000000000000e+04
2.200000000000000000e+04 4.636500000000000000e+04
2.300000000000000000e+04 4.634500000000000000e+04
2.400000000000000000e+04 4.606400000000000000e+04
2.500000000000000000e+04 4.595200000000000000e+04
2.600000000000000000e+04 4.565400000000000000e+04
2.700000000000000000e+04 4.501400000000000000e+04
2.800000000000000000e+04 4.468200000000000000e+04
2.900000000000000000e+04 4.409500000000000000e+04
3.000000000000000000e+04 4.401300000000000000e+04
3.100000000000000000e+04 4.374900000000000000e+04
3.200000000000000000e+04 4.266600000000000000e+04
3.300000000000000000e+04 4.195700000000000000e+04
3.400000000000000000e+04 4.185000000000000000e+04
3.500000000000000000e+04 4.102600000000000000e+04
3.600000000000000000e+04 4.018400000000000000e+04
3.700000000000000000e+04 3.938300000000000000e+04
3.800000000000000000e+04 3.808500000000000000e+04
3.900000000000000000e+04 3.793600000000000000e+04
4.000000000000000000e+04 3.702300000000000000e+04
4.100000000000000000e+04 3.561600000000000000e+04
4.200000000000000000e+04 3.459500000000000000e+04
4.300000000000000000e+04 3.325000000000000000e+04
4.400000000000000000e+04 3.190500000000000000e+04
4.500000000000000000e+04 3.023200000000000000e+04
4.600000000000000000e+04 2.914400000000000000e+04
4.700000000000000000e+04 2.806600000000000000e+04
4.800000000000000000e+04 2.642400000000000000e+04
4.900000000000000000e+04 2.496600000000000000e+04
5.000000000000000000e+04 2.358800000000000000e+04
5.100000000000000000e+04 2.225600000000000000e+04
5.200000000000000000e+04 2.093500000000000000e+04
5.300000000000000000e+04 2.001600000000000000e+04
5.400000000000000000e+04 1.820100000000000000e+04
5.500000000000000000e+04 1.711300000000000000e+04
5.600000000000000000e+04 1.595400000000000000e+04
5.700000000000000000e+04 1.483800000000000000e+04
5.800000000000000000e+04 1.391500000000000000e+04
5.900000000000000000e+04 1.258900000000000000e+04
6.000000000000000000e+04 1.212800000000000000e+04
6.100000000000000000e+04 1.111500000000000000e+04
6.200000000000000000e+04 1.022800000000000000e+04
6.300000000000000000e+04 9.669000000000000000e+03
6.400000000000000000e+04 9.229000000000000000e+03
6.500000000000000000e+04 8.538000000000000000e+03
6.600000000000000000e+04 8.292000000000000000e+03
6.700000000000000000e+04 8.172000000000000000e+03
6.800000000000000000e+04 7.958000000000000000e+03
6.900000000000000000e+04 7.943000000000000000e+03
7.000000000000000000e+04 7.797000000000000000e+03
7.100000000000000000e+04 8.078000000000000000e+03
7.200000000000000000e+04 8.147000000000000000e+03
7.300000000000000000e+04 8.404000000000000000e+03
7.400000000000000000e+04 9.044000000000000000e+03
7.500000000000000000e+04 9.290000000000000000e+03
7.600000000000000000e+04 9.817000000000000000e+03
7.700000000000000000e+04 1.039300000000000000e+04
7.800000000000000000e+04 1.122200000000000000e+04
7.900000000000000000e+04 1.208700000000000000e+04
8.000000000000000000e+04 1.317600000000000000e+04
8.100000000000000000e+04 1.422900000000000000e+04
8.200000000000000000e+04 1.505500000000000000e+04
8.300000000000000000e+04 1.611400000000000000e+04
8.400000000000000000e+04 1.747200000000000000e+04
8.500000000000000000e+04 1.870400000000000000e+04
8.600000000000000000e+04 2.024600000000000000e+04
8.700000000000000000e+04 2.155700000000000000e+04
8.800000000000000000e+04 2.286000000000000000e+04
8.900000000000000000e+04 2.398200000000000000e+04
9.000000000000000000e+04 2.581600000000000000e+04
9.100000000000000000e+04 2.745600000000000000e+04
9.200000000000000000e+04 2.892000000000000000e+04
9.300000000000000000e+04 3.011400000000000000e+04
9.400000000000000000e+04 3.123400000000000000e+04
9.500000000000000000e+04 3.239000000000000000e+04
9.600000000000000000e+04 3.409500000000000000e+04
9.700000000000000000e+04 3.482400000000000000e+04
9.800000000000000000e+04 3.576500000000000000e+04
9.900000000000000000e+04 3.693600000000000000e+04
1.000000000000000000e+05 3.792500000000000000e+04
1.010000000000000000e+05 3.868600000000000000e+04
1.020000000000000000e+05 3.991500000000000000e+04
1.030000000000000000e+05 4.110600000000000000e+04
1.040000000000000000e+05 4.163600000000000000e+04
1.050000000000000000e+05 4.219100000000000000e+04
1.060000000000000000e+05 4.247700000000000000e+04
1.070000000000000000e+05 4.388800000000000000e+04
1.080000000000000000e+05 4.384000000000000000e+04
1.090000000000000000e+05 4.448300000000000000e+04
1.100000000000000000e+05 4.429800000000000000e+04
1.110000000000000000e+05 4.506800000000000000e+04
1.120000000000000000e+05 4.595500000000000000e+04
1.130000000000000000e+05 4.594800000000000000e+04
1.140000000000000000e+05 4.597800000000000000e+04
1.150000000000000000e+05 4.560600000000000000e+04
1.160000000000000000e+05 4.584300000000000000e+04
1.170000000000000000e+05 4.563600000000000000e+04
1.180000000000000000e+05 4.612800000000000000e+04
1.190000000000000000e+05 4.637400000000000000e+04
1.200000000000000000e+05 4.627100000000000000e+04
1.210000000000000000e+05 4.611900000000000000e+04
1.220000000000000000e+05 4.569800000000000000e+04
1.230000000000000000e+05 4.672300000000000000e+04
1.240000000000000000e+05 4.656800000000000000e+04
1.250000000000000000e+05 4.566400000000000000e+04
1.260000000000000000e+05 4.546300000000000000e+04
1.270000000000000000e+05 4.507700000000000000e+04
1.280000000000000000e+05 4.468400000000000000e+04
1.290000000000000000e+05 4.444700000000000000e+04
1.300000000000000000e+05 4.445000000000000000e+04
1.310000000000000000e+05 4.351900000000000000e+04
1.320000000000000000e+05 4.325800000000000000e+04
1.330000000000000000e+05 4.202200000000000000e+04
1.340000000000000000e+05 4.140200000000000000e+04
1.350000000000000000e+05 4.096000000000000000e+04
1.360000000000000000e+05 4.034000000000000000e+04
1.370000000000000000e+05 3.946400000000000000e+04
1.380000000000000000e+05 3.842100000000000000e+04
1.390000000000000000e+05 3.743000000000000000e+04
1.400000000000000000e+05 3.688100000000000000e+04
1.410000000000000000e+05 3.549300000000000000e+04
1.420000000000000000e+05 3.452100000000000000e+04
1.430000000000000000e+05 3.313900000000000000e+04
1.440000000000000000e+05 3.151600000000000000e+04
1.450000000000000000e+05 3.081000000000000000e+04
1.460000000000000000e+05 2.938500000000000000e+04
1.470000000000000000e+05 2.797800000000000000e+04
1.480000000000000000e+05 2.627300000000000000e+04
1.490000000000000000e+05 2.491300000000000000e+04
1.500000000000000000e+05 2.368200000000000000e+04
1.510000000000000000e+05 2.244100000000000000e+04
1.520000000000000000e+05 2.116400000000000000e+04
1.530000000000000000e+05 1.971100000000000000e+04
1.540000000000000000e+05 1.853400000000000000e+04
1.550000000000000000e+05 1.698700000000000000e+04
1.560000000000000000e+05 1.603700000000000000e+04
1.570000000000000000e+05 1.491100000000000000e+04
1.580000000000000000e+05 1.378700000000000000e+04
1.590000000000000000e+05 1.285600000000000000e+04
1.600000000000000000e+05 1.171400000000000000e+04
1.610000000000000000e+05 1.116500000000000000e+04
1.620000000000000000e+05 1.054300000000000000e+04
1.630000000000000000e+05 9.673000000000000000e+03
1.640000000000000000e+05 9.379000000000000000e+03
1.650000000000000000e+05 8.591000000000000000e+03
1.660000000000000000e+05 8.304000000000000000e+03
1.670000000000000000e+05 8.060000000000000000e+03
1.680000000000000000e+05 8.022000000000000000e+03
1.690000000000000000e+05 8.032000000000000000e+03
1.700000000000000000e+05 7.801000000000000000e+03
1.710000000000000000e+05 8.033000000000000000e+03
1.720000000000000000e+05 8.186000000000000000e+03
1.730000000000000000e+05 8.375000000000000000e+03
1.740000000000000000e+05 8.772000000000000000e+03
1.750000000000000000e+05 9.286000000000000000e+03
1.760000000000000000e+05 9.828000000000000000e+03
1.770000000000000000e+05 1.049100000000000000e+04
1.780000000000000000e+05 1.114300000000000000e+04
1.790000000000000000e+05 1.234400000000000000e+04
1.800000000000000000e+05 1.310300000000000000e+04
1.810000000000000000e+05 1.388200000000000000e+04
1.820000000000000000e+05 1.472500000000000000e+04
1.830000000000000000e+05 1.605500000000000000e+04
1.840000000000000000e+05 1.760200000000000000e+04
1.850000000000000000e+05 1.876900000000000000e+04
1.860000000000000000e+05 1.998800000000000000e+04
1.870000000000000000e+05 2.135700000000000000e+04
1.880000000000000000e+05 2.275300000000000000e+04
1.890000000000000000e+05 2.426000000000000000e+04
1.900000000000000000e+05 2.569300000000000000e+04
1.910000000000000000e+05 2.763800000000000000e+04
1.920000000000000000e+05 2.858400000000000000e+04
1.930000000000000000e+05 3.012800000000000000e+04
1.940000000000000000e+05 3.125700000000000000e+04
1.950000000000000000e+05 3.257700000000000000e+04
1.960000000000000000e+05 3.407100000000000000e+04
1.970000000000000000e+05 3.506700000000000000e+04
1.980000000000000000e+05 3.581600000000000000e+04
1.990000000000000000e+05 3.683700000000000000e+04
