0.000000000000000000e+00 2.013480000000000000e+05
3.329166666666666607e+00 2.034640000000000000e+05
6.658333333333333215e+00 2.071810000000000000e+05
9.987500000000000711e+00 2.095290000000000000e+05
1.331666666666666643e+01 2.130840000000000000e+05
1.664583333333333215e+01 2.160690000000000000e+05
1.997500000000000142e+01 2.193660000000000000e+05
2.330416666666666714e+01 2.228170000000000000e+05
2.663333333333333286e+01 2.267340000000000000e+05
2.996249999999999858e+01 2.300680000000000000e+05
3.329166666666666430e+01 2.335940000000000000e+05
3.662083333333333002e+01 2.363020000000000000e+05
3.995000000000000284e+01 2.411890000000000000e+05
4.327916666666666856e+01 2.443780000000000000e+05
4.660833333333333428e+01 2.478110000000000000e+05
4.993750000000000000e+01 2.515210000000000000e+05
5.326666666666666572e+01 2.557380000000000000e+05
5.659583333333333144e+01 2.581520000000000000e+05
5.992499999999999716e+01 2.611840000000000000e+05
6.325416666666666288e+01 2.647840000000000000e+05
6.658333333333332860e+01 2.695010000000000000e+05
6.991249999999999432e+01 2.727370000000000000e+05
7.324166666666666003e+01 2.749990000000000000e+05
7.657083333333332575e+01 2.790480000000000000e+05
7.990000000000000568e+01 2.807230000000000000e+05
8.322916666666667140e+01 2.826890000000000000e+05
8.655833333333333712e+01 2.860520000000000000e+05
8.988750000000000284e+01 2.879210000000000000e+05
9.321666666666666856e+01 2.903900000000000000e+05
9.654583333333333428e+01 2.930440000000000000e+05
9.987500000000000000e+01 2.942910000000000000e+05
1.032041666666666657e+02 2.964720000000000000e+05
1.065333333333333314e+02 2.973490000000000000e+05
1.098624999999999972e+02 2.984260000000000000e+05
1.131916666666666629e+02 2.996190000000000000e+05
1.165208333333333286e+02 3.011770000000000000e+05
1.198499999999999943e+02 3.016650000000000000e+05
1.231791666666666600e+02 3.022290000000000000e+05
1.265083333333333258e+02 3.034380000000000000e+05
1.298375000000000057e+02 3.037520000000000000e+05
1.331666666666666572e+02 3.027560000000000000e+05
1.364958333333333371e+02 3.021680000000000000e+05
1.398249999999999886e+02 3.021290000000000000e+05
1.431541666666666686e+02 3.012360000000000000e+05
1.464833333333333201e+02 3.006780000000000000e+05
1.498125000000000000e+02 2.993820000000000000e+05
1.531416666666666515e+02 2.980410000000000000e+05
1.564708333333333314e+02 2.964060000000000000e+05
1.598000000000000114e+02 2.939650000000000000e+05
1.631291666666666629e+02 2.932850000000000000e+05
1.664583333333333428e+02 2.893760000000000000e+05
1.697874999999999943e+02 2.875620000000000000e+05
1.731166666666666742e+02 2.859280000000000000e+05
1.764458333333333258e+02 2.825030000000000000e+05
1.797750000000000057e+02 2.796350000000000000e+05
1.831041666666666572e+02 2.768680000000000000e+05
1.864333333333333371e+02 2.729910000000000000e+05
1.897624999999999886e+02 2.696380000000000000e+05
1.930916666666666686e+02 2.672740000000000000e+05
1.964208333333333201e+02 2.648250000000000000e+05
1.997500000000000000e+02 2.602620000000000000e+05
2.030791666666666515e+02 2.574480000000000000e+05
2.064083333333333314e+02 2.552520000000000000e+05
2.097374999999999829e+02 2.500620000000000000e+05
2.130666666666666629e+02 2.474760000000000000e+05
2.163958333333333428e+02 2.442670000000000000e+05
2.197249999999999943e+02 2.407730000000000000e+05
2.230541666666666742e+02 2.379300000000000000e+05
2.263833333333333258e+02 2.344140000000000000e+05
2.297125000000000057e+02 2.308860000000000000e+05
2.330416666666666572e+02 2.279900000000000000e+05
2.363708333333333371e+02 2.246480000000000000e+05
2.396999999999999886e+02 2.211140000000000000e+05
2.430291666666666686e+02 2.182330000000000000e+05
2.463583333333333201e+02 2.152570000000000000e+05
2.496875000000000000e+02 2.126630000000000000e+05
2.530166666666666515e+02 2.094100000000000000e+05
2.563458333333333030e+02 2.070620000000000000e+05
2.596750000000000114e+02 2.052210000000000000e+05
2.630041666666666629e+02 2.024580000000000000e+05
2.663333333333333144e+02 2.008990000000000000e+05
2.696625000000000227e+02 1.980800000000000000e+05
2.729916666666666742e+02 1.966850000000000000e+05
2.763208333333333258e+02 1.952180000000000000e+05
2.796499999999999773e+02 1.929580000000000000e+05
2.829791666666666856e+02 1.923180000000000000e+05
2.863083333333333371e+02 1.909330000000000000e+05
2.896374999999999886e+02 1.904380000000000000e+05
2.929666666666666401e+02 1.894360000000000000e+05
2.962958333333333485e+02 1.894770000000000000e+05
2.996250000000000000e+02 1.890090000000000000e+05
3.029541666666666515e+02 1.893140000000000000e+05
3.062833333333333030e+02 1.899330000000000000e+05
3.096125000000000114e+02 1.904860000000000000e+05
3.129416666666666629e+02 1.913240000000000000e+05
3.162708333333333144e+02 1.922080000000000000e+05
3.196000000000000227e+02 1.935930000000000000e+05
3.229291666666666742e+02 1.940100000000000000e+05
3.262583333333333258e+02 1.978610000000000000e+05
3.295874999999999773e+02 1.989730000000000000e+05
3.329166666666666856e+02 2.017570000000000000e+05
3.362458333333333371e+02 2.042690000000000000e+05
3.395749999999999886e+02 2.070300000000000000e+05
3.429041666666666401e+02 2.097580000000000000e+05
3.462333333333333485e+02 2.129220000000000000e+05
3.495625000000000000e+02 2.151680000000000000e+05
3.528916666666666515e+02 2.201900000000000000e+05
3.562208333333333030e+02 2.231310000000000000e+05
3.595500000000000114e+02 2.252330000000000000e+05
3.628791666666666629e+02 2.296900000000000000e+05
3.662083333333333144e+02 2.329280000000000000e+05
3.695374999999999659e+02 2.365710000000000000e+05
3.728666666666666742e+02 2.402070000000000000e+05
3.761958333333333258e+02 2.437340000000000000e+05
3.795249999999999773e+02 2.473050000000000000e+05
3.828541666666666856e+02 2.508730000000000000e+05
3.861833333333333371e+02 2.544460000000000000e+05
3.895124999999999886e+02 2.584300000000000000e+05
3.928416666666666401e+02 2.617990000000000000e+05
3.961708333333333485e+02 2.641670000000000000e+05
3.995000000000000000e+02 2.682270000000000000e+05
4.028291666666666515e+02 2.720990000000000000e+05
4.061583333333333030e+02 2.750760000000000000e+05
4.094875000000000114e+02 2.769690000000000000e+05
4.128166666666666629e+02 2.797620000000000000e+05
4.161458333333333144e+02 2.826440000000000000e+05
4.194749999999999659e+02 2.850800000000000000e+05
4.228041666666666742e+02 2.879660000000000000e+05
4.261333333333333258e+02 2.897760000000000000e+05
4.294624999999999773e+02 2.925840000000000000e+05
4.327916666666666856e+02 2.937880000000000000e+05
4.361208333333333371e+02 2.956120000000000000e+05
4.394499999999999886e+02 2.970820000000000000e+05
4.427791666666666401e+02 2.981270000000000000e+05
4.461083333333333485e+02 3.008840000000000000e+05
4.494375000000000000e+02 3.010060000000000000e+05
4.527666666666666515e+02 3.015600000000000000e+05
4.560958333333333030e+02 3.018650000000000000e+05
4.594250000000000114e+02 3.023530000000000000e+05
4.627541666666666629e+02 3.029370000000000000e+05
4.660833333333333144e+02 3.024620000000000000e+05
4.694124999999999659e+02 3.024180000000000000e+05
4.727416666666666742e+02 3.025730000000000000e+05
4.760708333333333258e+02 3.011840000000000000e+05
4.793999999999999773e+02 3.004550000000000000e+05
4.827291666666666856e+02 2.995480000000000000e+05
4.860583333333333371e+02 2.982140000000000000e+05
4.893874999999999886e+02 2.967500000000000000e+05
4.927166666666666401e+02 2.933170000000000000e+05
4.960458333333333485e+02 2.922520000000000000e+05
4.993750000000000000e+02 2.895490000000000000e+05
5.027041666666666515e+02 2.886410000000000000e+05
5.060333333333333030e+02 2.855390000000000000e+05
5.093625000000000114e+02 2.838410000000000000e+05
5.126916666666666060e+02 2.810830000000000000e+05
5.160208333333333712e+02 2.780690000000000000e+05
5.193500000000000227e+02 2.749180000000000000e+05
5.226791666666666742e+02 2.711430000000000000e+05
5.260083333333333258e+02 2.673650000000000000e+05
5.293374999999999773e+02 2.648800000000000000e+05
5.326666666666666288e+02 2.612450000000000000e+05
5.359958333333332803e+02 2.576520000000000000e+05
5.393250000000000455e+02 2.540890000000000000e+05
5.426541666666666970e+02 2.505520000000000000e+05
5.459833333333333485e+02 2.477640000000000000e+05
5.493125000000000000e+02 2.437520000000000000e+05
5.526416666666666515e+02 2.413430000000000000e+05
5.559708333333333030e+02 2.371940000000000000e+05
5.592999999999999545e+02 2.342120000000000000e+05
5.626291666666666060e+02 2.309390000000000000e+05
5.659583333333333712e+02 2.276560000000000000e+05
5.692875000000000227e+02 2.249540000000000000e+05
5.726166666666666742e+02 2.221630000000000000e+05
5.759458333333333258e+02 2.183950000000000000e+05
5.792749999999999773e+02 2.156630000000000000e+05
5.826041666666666288e+02 2.122990000000000000e+05
5.859333333333332803e+02 2.097150000000000000e+05
5.892625000000000455e+02 2.069520000000000000e+05
5.925916666666666970e+02 2.045840000000000000e+05
5.959208333333333485e+02 2.039270000000000000e+05
5.992500000000000000e+02 2.016370000000000000e+05
6.025791666666666515e+02 1.999960000000000000e+05
6.059083333333333030e+02 1.971150000000000000e+05
6.092374999999999545e+02 1.946160000000000000e+05
6.125666666666666060e+02 1.934040000000000000e+05
6.158958333333333712e+02 1.928940000000000000e+05
6.192250000000000227e+02 1.906350000000000000e+05
6.225541666666666742e+02 1.906270000000000000e+05
6.258833333333333258e+02 1.894620000000000000e+05
6.292124999999999773e+02 1.892410000000000000e+05
6.325416666666666288e+02 1.890910000000000000e+05
6.358708333333332803e+02 1.892270000000000000e+05
6.392000000000000455e+02 1.891310000000000000e+05
6.425291666666666970e+02 1.900870000000000000e+05
6.458583333333333485e+02 1.904390000000000000e+05
6.491875000000000000e+02 1.913990000000000000e+05
6.525166666666666515e+02 1.933970000000000000e+05
6.558458333333333030e+02 1.945590000000000000e+05
6.591749999999999545e+02 1.966290000000000000e+05
6.625041666666666060e+02 1.989340000000000000e+05
