0.000000000000000000e+00 2.319062000000000000e+06
1.666666666666666644e-02 2.318478000000000000e+06
3.333333333333333287e-02 2.319125000000000000e+06
5.000000000000000278e-02 2.317848000000000000e+06
6.666666666666666574e-02 2.318357000000000000e+06
8.333333333333332871e-02 2.317855000000000000e+06
1.000000000000000056e-01 2.318528000000000000e+06
1.166666666666666685e-01 2.319399000000000000e+06
1.333333333333333315e-01 2.318881000000000000e+06
1.499999999999999944e-01 2.318852000000000000e+06
1.666666666666666574e-01 2.322306000000000000e+06
1.833333333333333204e-01 2.318451000000000000e+06
2.000000000000000111e-01 2.318230000000000000e+06
2.166666666666666741e-01 2.319511000000000000e+06
2.333333333333333370e-01 2.320395000000000000e+06
2.500000000000000000e-01 2.318120000000000000e+06
2.666666666666666630e-01 2.319932000000000000e+06
2.833333333333333259e-01 2.317295000000000000e+06
2.999999999999999889e-01 2.318589000000000000e+06
3.166666666666666519e-01 2.320000000000000000e+06
3.333333333333333148e-01 2.317111000000000000e+06
3.499999999999999778e-01 2.315733000000000000e+06
3.666666666666666408e-01 2.318414000000000000e+06
3.833333333333333037e-01 2.316291000000000000e+06
4.000000000000000222e-01 2.319770000000000000e+06
4.166666666666666852e-01 2.319208000000000000e+06
4.333333333333333481e-01 2.318533000000000000e+06
4.500000000000000111e-01 2.317898000000000000e+06
4.666666666666666741e-01 2.316052000000000000e+06
4.833333333333333370e-01 2.320592000000000000e+06
5.000000000000000000e-01 2.318664000000000000e+06
5.166666666666666075e-01 2.319256000000000000e+06
5.333333333333333259e-01 2.320168000000000000e+06
5.500000000000000444e-01 2.317285000000000000e+06
5.666666666666666519e-01 2.318439000000000000e+06
5.833333333333333703e-01 2.315187000000000000e+06
5.999999999999999778e-01 2.316532000000000000e+06
6.166666666666666963e-01 2.317554000000000000e+06
6.333333333333333037e-01 2.317721000000000000e+06
6.500000000000000222e-01 2.317566000000000000e+06
6.666666666666666297e-01 2.317806000000000000e+06
6.833333333333333481e-01 2.317204000000000000e+06
6.999999999999999556e-01 2.315386000000000000e+06
7.166666666666666741e-01 2.320627000000000000e+06
7.333333333333332815e-01 2.318250000000000000e+06
7.500000000000000000e-01 2.317415000000000000e+06
7.666666666666666075e-01 2.316816000000000000e+06
7.833333333333333259e-01 2.320618000000000000e+06
8.000000000000000444e-01 2.318574000000000000e+06
8.166666666666666519e-01 2.320172000000000000e+06
8.333333333333333703e-01 2.319269000000000000e+06
8.499999999999999778e-01 2.317624000000000000e+06
8.666666666666666963e-01 2.320439000000000000e+06
8.833333333333333037e-01 2.319351000000000000e+06
9.000000000000000222e-01 2.321172000000000000e+06
9.166666666666666297e-01 2.321863000000000000e+06
9.333333333333333481e-01 2.322486000000000000e+06
9.499999999999999556e-01 2.321307000000000000e+06
9.666666666666666741e-01 2.320542000000000000e+06
9.833333333333332815e-01 2.325913000000000000e+06
1.000000000000000000e+00 2.322447000000000000e+06
1.016666666666666607e+00 2.321151000000000000e+06
1.033333333333333215e+00 2.319253000000000000e+06
1.050000000000000044e+00 2.321424000000000000e+06
1.066666666666666652e+00 2.319206000000000000e+06
1.083333333333333259e+00 2.321771000000000000e+06
1.100000000000000089e+00 2.319171000000000000e+06
1.116666666666666696e+00 2.318399000000000000e+06
1.133333333333333304e+00 2.318287000000000000e+06
1.149999999999999911e+00 2.321814000000000000e+06
1.166666666666666741e+00 2.320814000000000000e+06
1.183333333333333348e+00 2.321277000000000000e+06
1.199999999999999956e+00 2.317377000000000000e+06
1.216666666666666563e+00 2.319773000000000000e+06
1.233333333333333393e+00 2.323899000000000000e+06
1.250000000000000000e+00 2.322327000000000000e+06
1.266666666666666607e+00 2.323031000000000000e+06
1.283333333333333215e+00 2.319974000000000000e+06
1.300000000000000044e+00 2.323058000000000000e+06
1.316666666666666652e+00 2.320633000000000000e+06
1.333333333333333259e+00 2.322155000000000000e+06
1.350000000000000089e+00 2.322909000000000000e+06
1.366666666666666696e+00 2.319041000000000000e+06
1.383333333333333304e+00 2.320187000000000000e+06
1.399999999999999911e+00 2.325071000000000000e+06
1.416666666666666741e+00 2.321314000000000000e+06
1.433333333333333348e+00 2.319809000000000000e+06
1.449999999999999956e+00 2.325292000000000000e+06
1.466666666666666563e+00 2.321489000000000000e+06
1.483333333333333393e+00 2.321538000000000000e+06
1.500000000000000000e+00 2.321257000000000000e+06
1.516666666666666607e+00 2.320382000000000000e+06
1.533333333333333215e+00 2.322328000000000000e+06
1.550000000000000044e+00 2.321931000000000000e+06
1.566666666666666652e+00 2.323497000000000000e+06
1.583333333333333259e+00 2.322144000000000000e+06
1.600000000000000089e+00 2.323918000000000000e+06
1.616666666666666696e+00 2.322596000000000000e+06
1.633333333333333304e+00 2.321298000000000000e+06
1.649999999999999911e+00 2.322818000000000000e+06
1.666666666666666741e+00 2.322150000000000000e+06
1.683333333333333348e+00 2.320275000000000000e+06
1.699999999999999956e+00 2.321965000000000000e+06
1.716666666666666563e+00 2.322187000000000000e+06
1.733333333333333393e+00 2.319972000000000000e+06
1.750000000000000000e+00 2.322800000000000000e+06
1.766666666666666607e+00 2.321906000000000000e+06
1.783333333333333215e+00 2.320913000000000000e+06
1.800000000000000044e+00 2.319823000000000000e+06
1.816666666666666652e+00 2.321559000000000000e+06
1.833333333333333259e+00 2.325065000000000000e+06
1.849999999999999867e+00 2.320048000000000000e+06
1.866666666666666696e+00 2.323700000000000000e+06
1.883333333333333304e+00 2.321582000000000000e+06
1.899999999999999911e+00 2.320434000000000000e+06
1.916666666666666741e+00 2.319355000000000000e+06
1.933333333333333348e+00 2.322468000000000000e+06
1.949999999999999956e+00 2.321874000000000000e+06
1.966666666666666563e+00 2.318093000000000000e+06
1.983333333333333393e+00 2.321524000000000000e+06
2.000000000000000000e+00 2.318169000000000000e+06
2.016666666666666607e+00 2.321799000000000000e+06
2.033333333333333215e+00 2.321082000000000000e+06
2.049999999999999822e+00 2.315378000000000000e+06
2.066666666666666430e+00 2.319760000000000000e+06
2.083333333333333481e+00 2.320947000000000000e+06
2.100000000000000089e+00 2.317870000000000000e+06
2.116666666666666696e+00 2.319687000000000000e+06
2.133333333333333304e+00 2.317428000000000000e+06
2.149999999999999911e+00 2.318674000000000000e+06
2.166666666666666519e+00 2.320617000000000000e+06
2.183333333333333126e+00 2.317489000000000000e+06
2.200000000000000178e+00 2.319660000000000000e+06
2.216666666666666785e+00 2.319910000000000000e+06
2.233333333333333393e+00 2.316385000000000000e+06
2.250000000000000000e+00 2.318680000000000000e+06
2.266666666666666607e+00 2.317974000000000000e+06
2.283333333333333215e+00 2.316489000000000000e+06
2.299999999999999822e+00 2.317681000000000000e+06
2.316666666666666430e+00 2.318160000000000000e+06
2.333333333333333481e+00 2.319817000000000000e+06
2.350000000000000089e+00 2.317310000000000000e+06
2.366666666666666696e+00 2.318952000000000000e+06
2.383333333333333304e+00 2.316639000000000000e+06
2.399999999999999911e+00 2.320087000000000000e+06
2.416666666666666519e+00 2.317889000000000000e+06
2.433333333333333126e+00 2.320607000000000000e+06
2.450000000000000178e+00 2.316858000000000000e+06
2.466666666666666785e+00 2.319476000000000000e+06
2.483333333333333393e+00 2.318095000000000000e+06
2.500000000000000000e+00 2.318101000000000000e+06
2.516666666666666607e+00 2.317016000000000000e+06
2.533333333333333215e+00 2.317933000000000000e+06
2.549999999999999822e+00 2.319905000000000000e+06
2.566666666666666430e+00 2.316873000000000000e+06
2.583333333333333481e+00 2.315390000000000000e+06
2.600000000000000089e+00 2.316367000000000000e+06
2.616666666666666696e+00 2.321345000000000000e+06
2.633333333333333304e+00 2.316493000000000000e+06
2.649999999999999911e+00 2.319744000000000000e+06
2.666666666666666519e+00 2.317793000000000000e+06
2.683333333333333126e+00 2.317264000000000000e+06
2.700000000000000178e+00 2.318644000000000000e+06
2.716666666666666785e+00 2.318608000000000000e+06
2.733333333333333393e+00 2.321622000000000000e+06
2.750000000000000000e+00 2.318275000000000000e+06
2.766666666666666607e+00 2.320216000000000000e+06
2.783333333333333215e+00 2.319767000000000000e+06
2.799999999999999822e+00 2.318220000000000000e+06
2.816666666666666430e+00 2.319696000000000000e+06
2.833333333333333481e+00 2.319900000000000000e+06
2.850000000000000089e+00 2.321378000000000000e+06
2.866666666666666696e+00 2.318028000000000000e+06
2.883333333333333304e+00 2.320860000000000000e+06
2.899999999999999911e+00 2.319350000000000000e+06
2.916666666666666519e+00 2.320321000000000000e+06
2.933333333333333126e+00 2.320959000000000000e+06
2.950000000000000178e+00 2.319503000000000000e+06
2.966666666666666785e+00 2.317770000000000000e+06
2.983333333333333393e+00 2.322678000000000000e+06
3.000000000000000000e+00 2.321039000000000000e+06
3.016666666666666607e+00 2.321601000000000000e+06
3.033333333333333215e+00 2.317232000000000000e+06
3.049999999999999822e+00 2.324430000000000000e+06
3.066666666666666430e+00 2.319243000000000000e+06
3.083333333333333481e+00 2.323025000000000000e+06
3.100000000000000089e+00 2.321393000000000000e+06
3.116666666666666696e+00 2.320219000000000000e+06
3.133333333333333304e+00 2.321283000000000000e+06
3.149999999999999911e+00 2.319716000000000000e+06
3.166666666666666519e+00 2.323850000000000000e+06
3.183333333333333126e+00 2.319629000000000000e+06
3.200000000000000178e+00 2.319401000000000000e+06
3.216666666666666785e+00 2.320072000000000000e+06
3.233333333333333393e+00 2.319268000000000000e+06
3.250000000000000000e+00 2.321313000000000000e+06
3.266666666666666607e+00 2.324343000000000000e+06
3.283333333333333215e+00 2.320773000000000000e+06
3.299999999999999822e+00 2.321550000000000000e+06
3.316666666666666430e+00 2.323514000000000000e+06
3.333333333333333481e+00 2.324320000000000000e+06
3.350000000000000089e+00 2.318384000000000000e+06
3.366666666666666696e+00 2.320112000000000000e+06
3.383333333333333304e+00 2.323391000000000000e+06
