0.000000000000000000e+00 3.032900000000000000e+04
2.000000000000000000e+01 3.211100000000000000e+04
4.000000000000000000e+01 3.274400000000000000e+04
6.000000000000000000e+01 3.423400000000000000e+04
8.000000000000000000e+01 3.538600000000000000e+04
1.000000000000000000e+02 3.630800000000000000e+04
1.200000000000000000e+02 3.717000000000000000e+04
1.400000000000000000e+02 3.785000000000000000e+04
1.600000000000000000e+02 3.861900000000000000e+04
1.800000000000000000e+02 3.950600000000000000e+04
2.000000000000000000e+02 4.051300000000000000e+04
2.200000000000000000e+02 4.114400000000000000e+04
2.400000000000000000e+02 4.144200000000000000e+04
2.600000000000000000e+02 4.222400000000000000e+04
2.800000000000000000e+02 4.227600000000000000e+04
3.000000000000000000e+02 4.293300000000000000e+04
3.200000000000000000e+02 4.335900000000000000e+04
3.400000000000000000e+02 4.331500000000000000e+04
3.600000000000000000e+02 4.389100000000000000e+04
3.800000000000000000e+02 4.394500000000000000e+04
4.000000000000000000e+02 4.432100000000000000e+04
4.200000000000000000e+02 4.464900000000000000e+04
4.400000000000000000e+02 4.419300000000000000e+04
4.600000000000000000e+02 4.488200000000000000e+04
4.800000000000000000e+02 4.438600000000000000e+04
5.000000000000000000e+02 4.452000000000000000e+04
5.200000000000000000e+02 4.428500000000000000e+04
5.400000000000000000e+02 4.458300000000000000e+04
5.600000000000000000e+02 4.419600000000000000e+04
5.800000000000000000e+02 4.445600000000000000e+04
6.000000000000000000e+02 4.413800000000000000e+04
6.200000000000000000e+02 4.404700000000000000e+04
6.400000000000000000e+02 4.365700000000000000e+04
6.600000000000000000e+02 4.310600000000000000e+04
6.800000000000000000e+02 4.316900000000000000e+04
7.000000000000000000e+02 4.245500000000000000e+04
7.200000000000000000e+02 4.204900000000000000e+04
7.400000000000000000e+02 4.151800000000000000e+04
7.600000000000000000e+02 4.123600000000000000e+04
7.800000000000000000e+02 4.008400000000000000e+04
8.000000000000000000e+02 4.002800000000000000e+04
8.200000000000000000e+02 3.915300000000000000e+04
8.400000000000000000e+02 3.869200000000000000e+04
8.600000000000000000e+02 3.800600000000000000e+04
8.800000000000000000e+02 3.675700000000000000e+04
9.000000000000000000e+02 3.616100000000000000e+04
9.200000000000000000e+02 3.522300000000000000e+04
9.400000000000000000e+02 3.426400000000000000e+04
9.600000000000000000e+02 3.374100000000000000e+04
9.800000000000000000e+02 3.235500000000000000e+04
1.000000000000000000e+03 3.110200000000000000e+04
1.020000000000000000e+03 3.031200000000000000e+04
1.040000000000000000e+03 2.915300000000000000e+04
1.060000000000000000e+03 2.806300000000000000e+04
1.080000000000000000e+03 2.690800000000000000e+04
1.100000000000000000e+03 2.619100000000000000e+04
1.120000000000000000e+03 2.508800000000000000e+04
1.140000000000000000e+03 2.423600000000000000e+04
1.160000000000000000e+03 2.346500000000000000e+04
1.180000000000000000e+03 2.210500000000000000e+04
1.200000000000000000e+03 2.139700000000000000e+04
1.220000000000000000e+03 2.028800000000000000e+04
1.240000000000000000e+03 1.963900000000000000e+04
1.260000000000000000e+03 1.885000000000000000e+04
1.280000000000000000e+03 1.787300000000000000e+04
1.300000000000000000e+03 1.734200000000000000e+04
1.320000000000000000e+03 1.656400000000000000e+04
1.340000000000000000e+03 1.574300000000000000e+04
1.360000000000000000e+03 1.531500000000000000e+04
1.380000000000000000e+03 1.486400000000000000e+04
1.400000000000000000e+03 1.397600000000000000e+04
1.420000000000000000e+03 1.366900000000000000e+04
1.440000000000000000e+03 1.332300000000000000e+04
1.460000000000000000e+03 1.306700000000000000e+04
1.480000000000000000e+03 1.269100000000000000e+04
1.500000000000000000e+03 1.242200000000000000e+04
1.520000000000000000e+03 1.218300000000000000e+04
1.540000000000000000e+03 1.237400000000000000e+04
1.560000000000000000e+03 1.232500000000000000e+04
1.580000000000000000e+03 1.240600000000000000e+04
1.600000000000000000e+03 1.264100000000000000e+04
1.620000000000000000e+03 1.254300000000000000e+04
1.640000000000000000e+03 1.301800000000000000e+04
1.660000000000000000e+03 1.334900000000000000e+04
1.680000000000000000e+03 1.380900000000000000e+04
1.700000000000000000e+03 1.419100000000000000e+04
1.720000000000000000e+03 1.490200000000000000e+04
1.740000000000000000e+03 1.570600000000000000e+04
1.760000000000000000e+03 1.650900000000000000e+04
1.780000000000000000e+03 1.738800000000000000e+04
1.800000000000000000e+03 1.842300000000000000e+04
1.820000000000000000e+03 1.978500000000000000e+04
1.840000000000000000e+03 2.083300000000000000e+04
1.860000000000000000e+03 2.198100000000000000e+04
1.880000000000000000e+03 2.311800000000000000e+04
1.900000000000000000e+03 2.445900000000000000e+04
1.920000000000000000e+03 2.581400000000000000e+04
1.940000000000000000e+03 2.693500000000000000e+04
1.960000000000000000e+03 2.829600000000000000e+04
1.980000000000000000e+03 2.994100000000000000e+04
2.000000000000000000e+03 3.068800000000000000e+04
2.020000000000000000e+03 3.156100000000000000e+04
2.040000000000000000e+03 3.315600000000000000e+04
2.060000000000000000e+03 3.446800000000000000e+04
2.080000000000000000e+03 3.544400000000000000e+04
2.100000000000000000e+03 3.653800000000000000e+04
2.120000000000000000e+03 3.725600000000000000e+04
2.140000000000000000e+03 3.842400000000000000e+04
2.160000000000000000e+03 3.887300000000000000e+04
2.180000000000000000e+03 3.985900000000000000e+04
2.200000000000000000e+03 4.044800000000000000e+04
2.220000000000000000e+03 4.067700000000000000e+04
2.240000000000000000e+03 4.169700000000000000e+04
2.260000000000000000e+03 4.228200000000000000e+04
2.280000000000000000e+03 4.244600000000000000e+04
2.300000000000000000e+03 4.339900000000000000e+04
2.320000000000000000e+03 4.322700000000000000e+04
2.340000000000000000e+03 4.347100000000000000e+04
2.360000000000000000e+03 4.387200000000000000e+04
2.380000000000000000e+03 4.383100000000000000e+04
2.400000000000000000e+03 4.408300000000000000e+04
2.420000000000000000e+03 4.456700000000000000e+04
2.440000000000000000e+03 4.442400000000000000e+04
2.460000000000000000e+03 4.502700000000000000e+04
2.480000000000000000e+03 4.478400000000000000e+04
2.500000000000000000e+03 4.453500000000000000e+04
2.520000000000000000e+03 4.473600000000000000e+04
2.540000000000000000e+03 4.422700000000000000e+04
2.560000000000000000e+03 4.455200000000000000e+04
2.580000000000000000e+03 4.389000000000000000e+04
2.600000000000000000e+03 4.389000000000000000e+04
2.620000000000000000e+03 4.388900000000000000e+04
2.640000000000000000e+03 4.321200000000000000e+04
2.660000000000000000e+03 4.297700000000000000e+04
2.680000000000000000e+03 4.290500000000000000e+04
2.700000000000000000e+03 4.229800000000000000e+04
2.720000000000000000e+03 4.211400000000000000e+04
2.740000000000000000e+03 4.138500000000000000e+04
2.760000000000000000e+03 4.129100000000000000e+04
2.780000000000000000e+03 4.060300000000000000e+04
2.800000000000000000e+03 3.992100000000000000e+04
2.820000000000000000e+03 3.888500000000000000e+04
2.840000000000000000e+03 3.856100000000000000e+04
2.860000000000000000e+03 3.771500000000000000e+04
2.880000000000000000e+03 3.688000000000000000e+04
2.900000000000000000e+03 3.590600000000000000e+04
2.920000000000000000e+03 3.511800000000000000e+04
2.940000000000000000e+03 3.420500000000000000e+04
2.960000000000000000e+03 3.310100000000000000e+04
2.980000000000000000e+03 3.246100000000000000e+04
3.000000000000000000e+03 3.123900000000000000e+04
3.020000000000000000e+03 3.031600000000000000e+04
3.040000000000000000e+03 2.932600000000000000e+04
3.060000000000000000e+03 2.842200000000000000e+04
3.080000000000000000e+03 2.696700000000000000e+04
3.100000000000000000e+03 2.621400000000000000e+04
3.120000000000000000e+03 2.503700000000000000e+04
3.140000000000000000e+03 2.437900000000000000e+04
3.160000000000000000e+03 2.313400000000000000e+04
3.180000000000000000e+03 2.194800000000000000e+04
3.200000000000000000e+03 2.108200000000000000e+04
3.220000000000000000e+03 2.010100000000000000e+04
3.240000000000000000e+03 1.929800000000000000e+04
3.260000000000000000e+03 1.876800000000000000e+04
3.280000000000000000e+03 1.794000000000000000e+04
3.300000000000000000e+03 1.718900000000000000e+04
3.320000000000000000e+03 1.668400000000000000e+04
3.340000000000000000e+03 1.587200000000000000e+04
3.360000000000000000e+03 1.529000000000000000e+04
3.380000000000000000e+03 1.442800000000000000e+04
3.400000000000000000e+03 1.419500000000000000e+04
3.420000000000000000e+03 1.369400000000000000e+04
3.440000000000000000e+03 1.350900000000000000e+04
3.460000000000000000e+03 1.305400000000000000e+04
3.480000000000000000e+03 1.271400000000000000e+04
3.500000000000000000e+03 1.244500000000000000e+04
3.520000000000000000e+03 1.219400000000000000e+04
3.540000000000000000e+03 1.244500000000000000e+04
3.560000000000000000e+03 1.214800000000000000e+04
3.580000000000000000e+03 1.242500000000000000e+04
3.600000000000000000e+03 1.264300000000000000e+04
3.620000000000000000e+03 1.277100000000000000e+04
3.640000000000000000e+03 1.294400000000000000e+04
3.660000000000000000e+03 1.343600000000000000e+04
3.680000000000000000e+03 1.352700000000000000e+04
3.700000000000000000e+03 1.436300000000000000e+04
3.720000000000000000e+03 1.515400000000000000e+04
3.740000000000000000e+03 1.577200000000000000e+04
3.760000000000000000e+03 1.655300000000000000e+04
3.780000000000000000e+03 1.756300000000000000e+04
3.800000000000000000e+03 1.836300000000000000e+04
3.820000000000000000e+03 1.960700000000000000e+04
3.840000000000000000e+03 2.083300000000000000e+04
3.860000000000000000e+03 2.216900000000000000e+04
3.880000000000000000e+03 2.332700000000000000e+04
3.900000000000000000e+03 2.456700000000000000e+04
3.920000000000000000e+03 2.560100000000000000e+04
3.940000000000000000e+03 2.697000000000000000e+04
3.960000000000000000e+03 2.829800000000000000e+04
3.980000000000000000e+03 2.985400000000000000e+04
