0.000000000000000000e+00 4.305200000000000000e+04
3.330000000000000000e+02 4.413200000000000000e+04
6.660000000000000000e+02 4.464700000000000000e+04
9.990000000000000000e+02 4.578100000000000000e+04
1.332000000000000000e+03 4.682000000000000000e+04
1.665000000000000000e+03 4.720000000000000000e+04
1.998000000000000000e+03 4.765300000000000000e+04
2.331000000000000000e+03 4.819200000000000000e+04
2.664000000000000000e+03 4.900700000000000000e+04
2.997000000000000000e+03 4.899500000000000000e+04
3.330000000000000000e+03 4.966600000000000000e+04
3.663000000000000000e+03 5.067600000000000000e+04
3.996000000000000000e+03 5.039100000000000000e+04
4.329000000000000000e+03 5.067000000000000000e+04
4.662000000000000000e+03 5.074300000000000000e+04
4.995000000000000000e+03 5.112500000000000000e+04
5.328000000000000000e+03 5.139900000000000000e+04
5.661000000000000000e+03 5.130200000000000000e+04
5.994000000000000000e+03 5.185200000000000000e+04
6.327000000000000000e+03 5.165300000000000000e+04
6.660000000000000000e+03 5.144200000000000000e+04
6.993000000000000000e+03 5.155700000000000000e+04
7.326000000000000000e+03 5.094000000000000000e+04
7.659000000000000000e+03 5.106000000000000000e+04
7.992000000000000000e+03 5.144600000000000000e+04
8.325000000000000000e+03 5.150400000000000000e+04
8.658000000000000000e+03 5.063000000000000000e+04
8.991000000000000000e+03 5.053500000000000000e+04
9.324000000000000000e+03 4.975400000000000000e+04
9.657000000000000000e+03 4.937500000000000000e+04
9.990000000000000000e+03 4.898800000000000000e+04
1.032300000000000000e+04 4.889600000000000000e+04
1.065600000000000000e+04 4.821300000000000000e+04
1.098900000000000000e+04 4.727100000000000000e+04
1.132200000000000000e+04 4.709900000000000000e+04
1.165500000000000000e+04 4.611800000000000000e+04
1.198800000000000000e+04 4.524200000000000000e+04
1.232100000000000000e+04 4.451000000000000000e+04
1.265400000000000000e+04 4.384000000000000000e+04
1.298700000000000000e+04 4.264700000000000000e+04
1.332000000000000000e+04 4.170000000000000000e+04
1.365300000000000000e+04 4.070500000000000000e+04
1.398600000000000000e+04 3.959000000000000000e+04
1.431900000000000000e+04 3.796800000000000000e+04
1.465200000000000000e+04 3.720300000000000000e+04
1.498500000000000000e+04 3.519700000000000000e+04
1.531800000000000000e+04 3.387000000000000000e+04
1.565100000000000000e+04 3.290700000000000000e+04
1.598400000000000000e+04 3.107600000000000000e+04
1.631700000000000000e+04 2.977600000000000000e+04
1.665000000000000000e+04 2.854900000000000000e+04
1.698300000000000000e+04 2.701500000000000000e+04
1.731600000000000000e+04 2.573000000000000000e+04
1.764900000000000000e+04 2.394100000000000000e+04
1.798200000000000000e+04 2.245400000000000000e+04
1.831500000000000000e+04 2.082200000000000000e+04
1.864800000000000000e+04 1.969100000000000000e+04
1.898100000000000000e+04 1.859800000000000000e+04
1.931400000000000000e+04 1.736200000000000000e+04
1.964700000000000000e+04 1.623500000000000000e+04
1.998000000000000000e+04 1.505400000000000000e+04
2.031300000000000000e+04 1.425600000000000000e+04
2.064600000000000000e+04 1.339300000000000000e+04
2.097900000000000000e+04 1.239100000000000000e+04
2.131200000000000000e+04 1.191700000000000000e+04
2.164500000000000000e+04 1.146700000000000000e+04
2.197800000000000000e+04 1.082300000000000000e+04
2.231100000000000000e+04 1.040200000000000000e+04
2.264400000000000000e+04 1.032900000000000000e+04
2.297700000000000000e+04 1.013700000000000000e+04
2.331000000000000000e+04 9.929000000000000000e+03
2.364300000000000000e+04 1.008300000000000000e+04
2.397600000000000000e+04 1.044000000000000000e+04
2.430900000000000000e+04 1.059100000000000000e+04
2.464200000000000000e+04 1.087300000000000000e+04
2.497500000000000000e+04 1.152700000000000000e+04
2.530800000000000000e+04 1.180400000000000000e+04
2.564100000000000000e+04 1.279400000000000000e+04
2.597400000000000000e+04 1.354800000000000000e+04
2.630700000000000000e+04 1.457500000000000000e+04
2.664000000000000000e+04 1.576700000000000000e+04
2.697300000000000000e+04 1.654000000000000000e+04
2.730600000000000000e+04 1.782300000000000000e+04
2.763900000000000000e+04 1.913200000000000000e+04
2.797200000000000000e+04 2.070700000000000000e+04
2.830500000000000000e+04 2.194200000000000000e+04
2.863800000000000000e+04 2.348200000000000000e+04
2.897100000000000000e+04 2.494900000000000000e+04
2.930400000000000000e+04 2.691500000000000000e+04
2.963700000000000000e+04 2.797300000000000000e+04
2.997000000000000000e+04 2.994800000000000000e+04
3.030300000000000000e+04 3.138700000000000000e+04
3.063600000000000000e+04 3.267400000000000000e+04
3.096900000000000000e+04 3.436200000000000000e+04
3.130200000000000000e+04 3.573400000000000000e+04
3.163500000000000000e+04 3.681200000000000000e+04
3.196800000000000000e+04 3.832600000000000000e+04
3.230100000000000000e+04 3.899800000000000000e+04
3.263400000000000000e+04 4.079200000000000000e+04
3.296700000000000000e+04 4.179200000000000000e+04
3.330000000000000000e+04 4.278000000000000000e+04
3.363300000000000000e+04 4.365300000000000000e+04
3.396600000000000000e+04 4.473600000000000000e+04
3.429900000000000000e+04 4.555200000000000000e+04
3.463200000000000000e+04 4.663500000000000000e+04
3.496500000000000000e+04 4.692000000000000000e+04
3.529800000000000000e+04 4.810300000000000000e+04
3.563100000000000000e+04 4.823600000000000000e+04
3.596400000000000000e+04 4.880800000000000000e+04
3.629700000000000000e+04 4.918100000000000000e+04
3.663000000000000000e+04 4.953400000000000000e+04
3.696300000000000000e+04 5.044300000000000000e+04
3.729600000000000000e+04 5.013600000000000000e+04
3.762900000000000000e+04 5.030500000000000000e+04
3.796200000000000000e+04 5.106800000000000000e+04
3.829500000000000000e+04 5.084200000000000000e+04
3.862800000000000000e+04 5.124400000000000000e+04
3.896100000000000000e+04 5.103100000000000000e+04
3.929400000000000000e+04 5.159900000000000000e+04
3.962700000000000000e+04 5.109300000000000000e+04
3.996000000000000000e+04 5.188000000000000000e+04
4.029300000000000000e+04 5.176900000000000000e+04
4.062600000000000000e+04 5.138900000000000000e+04
4.095900000000000000e+04 5.125800000000000000e+04
4.129200000000000000e+04 5.103200000000000000e+04
4.162500000000000000e+04 5.058600000000000000e+04
4.195800000000000000e+04 5.069400000000000000e+04
4.229100000000000000e+04 5.029700000000000000e+04
4.262400000000000000e+04 4.994000000000000000e+04
4.295700000000000000e+04 4.937800000000000000e+04
4.329000000000000000e+04 4.914400000000000000e+04
4.362300000000000000e+04 4.909100000000000000e+04
4.395600000000000000e+04 4.831900000000000000e+04
4.428900000000000000e+04 4.759500000000000000e+04
4.462200000000000000e+04 4.717100000000000000e+04
4.495500000000000000e+04 4.588200000000000000e+04
4.528800000000000000e+04 4.538900000000000000e+04
4.562100000000000000e+04 4.446600000000000000e+04
4.595400000000000000e+04 4.374100000000000000e+04
4.628700000000000000e+04 4.269400000000000000e+04
4.662000000000000000e+04 4.151400000000000000e+04
4.695300000000000000e+04 4.022600000000000000e+04
4.728600000000000000e+04 3.960700000000000000e+04
4.761900000000000000e+04 3.831900000000000000e+04
4.795200000000000000e+04 3.678400000000000000e+04
4.828500000000000000e+04 3.552700000000000000e+04
4.861800000000000000e+04 3.450400000000000000e+04
4.895100000000000000e+04 3.298700000000000000e+04
4.928400000000000000e+04 3.148100000000000000e+04
4.961700000000000000e+04 2.972400000000000000e+04
4.995000000000000000e+04 2.882600000000000000e+04
5.028300000000000000e+04 2.728600000000000000e+04
5.061600000000000000e+04 2.574200000000000000e+04
5.094900000000000000e+04 2.435200000000000000e+04
5.128200000000000000e+04 2.284700000000000000e+04
5.161500000000000000e+04 2.120300000000000000e+04
5.194800000000000000e+04 1.996200000000000000e+04
5.228100000000000000e+04 1.844900000000000000e+04
5.261400000000000000e+04 1.761000000000000000e+04
5.294700000000000000e+04 1.639200000000000000e+04
5.328000000000000000e+04 1.527900000000000000e+04
5.361300000000000000e+04 1.424800000000000000e+04
5.394600000000000000e+04 1.339600000000000000e+04
5.427900000000000000e+04 1.283400000000000000e+04
5.461200000000000000e+04 1.196000000000000000e+04
5.494500000000000000e+04 1.153800000000000000e+04
5.527800000000000000e+04 1.101500000000000000e+04
5.561100000000000000e+04 1.082100000000000000e+04
5.594400000000000000e+04 1.001800000000000000e+04
5.627700000000000000e+04 1.004700000000000000e+04
5.661000000000000000e+04 1.013000000000000000e+04
5.694300000000000000e+04 1.034200000000000000e+04
5.727600000000000000e+04 1.015900000000000000e+04
5.760900000000000000e+04 1.061200000000000000e+04
5.794200000000000000e+04 1.082000000000000000e+04
5.827500000000000000e+04 1.116400000000000000e+04
5.860800000000000000e+04 1.170500000000000000e+04
5.894100000000000000e+04 1.271700000000000000e+04
5.927400000000000000e+04 1.347800000000000000e+04
5.960700000000000000e+04 1.439800000000000000e+04
5.994000000000000000e+04 1.534100000000000000e+04
6.027300000000000000e+04 1.677000000000000000e+04
6.060600000000000000e+04 1.780300000000000000e+04
6.093900000000000000e+04 1.925800000000000000e+04
6.127200000000000000e+04 2.051700000000000000e+04
6.160500000000000000e+04 2.220300000000000000e+04
6.193800000000000000e+04 2.327400000000000000e+04
6.227100000000000000e+04 2.503700000000000000e+04
6.260400000000000000e+04 2.643800000000000000e+04
6.293700000000000000e+04 2.806600000000000000e+04
6.327000000000000000e+04 2.950300000000000000e+04
6.360300000000000000e+04 3.116700000000000000e+04
6.393600000000000000e+04 3.246500000000000000e+04
6.426900000000000000e+04 3.418700000000000000e+04
6.460200000000000000e+04 3.552100000000000000e+04
6.493500000000000000e+04 3.683000000000000000e+04
6.526800000000000000e+04 3.851500000000000000e+04
6.560100000000000000e+04 3.927300000000000000e+04
6.593400000000000000e+04 4.081000000000000000e+04
6.626700000000000000e+04 4.177200000000000000e+04
