0.000000000000000000e+00 1.418306000000000000e+06
3.333333333333333148e-01 1.419517000000000000e+06
6.666666666666666297e-01 1.419720000000000000e+06
1.000000000000000000e+00 1.417351000000000000e+06
1.333333333333333259e+00 1.419917000000000000e+06
1.666666666666666519e+00 1.419754000000000000e+06
2.000000000000000000e+00 1.420225000000000000e+06
2.333333333333333037e+00 1.419804000000000000e+06
2.666666666666666519e+00 1.421393000000000000e+06
3.000000000000000000e+00 1.421591000000000000e+06
3.333333333333333037e+00 1.421193000000000000e+06
3.666666666666666519e+00 1.424366000000000000e+06
4.000000000000000000e+00 1.423827000000000000e+06
4.333333333333333037e+00 1.425713000000000000e+06
4.666666666666666075e+00 1.426231000000000000e+06
5.000000000000000000e+00 1.427688000000000000e+06
5.333333333333333037e+00 1.427293000000000000e+06
5.666666666666666075e+00 1.428132000000000000e+06
6.000000000000000000e+00 1.431304000000000000e+06
6.333333333333333037e+00 1.434764000000000000e+06
6.666666666666666075e+00 1.433590000000000000e+06
7.000000000000000000e+00 1.432705000000000000e+06
7.333333333333333037e+00 1.436458000000000000e+06
7.666666666666666075e+00 1.438010000000000000e+06
8.000000000000000000e+00 1.439458000000000000e+06
8.333333333333332149e+00 1.443054000000000000e+06
8.666666666666666075e+00 1.443400000000000000e+06
9.000000000000000000e+00 1.444602000000000000e+06
9.333333333333332149e+00 1.443673000000000000e+06
9.666666666666666075e+00 1.447845000000000000e+06
1.000000000000000000e+01 1.448760000000000000e+06
1.033333333333333215e+01 1.449108000000000000e+06
1.066666666666666607e+01 1.452942000000000000e+06
1.100000000000000000e+01 1.455853000000000000e+06
1.133333333333333215e+01 1.455979000000000000e+06
1.166666666666666607e+01 1.456412000000000000e+06
1.200000000000000000e+01 1.457052000000000000e+06
1.233333333333333215e+01 1.457750000000000000e+06
1.266666666666666607e+01 1.461257000000000000e+06
1.300000000000000000e+01 1.459529000000000000e+06
1.333333333333333215e+01 1.462509000000000000e+06
1.366666666666666607e+01 1.465035000000000000e+06
1.400000000000000000e+01 1.464530000000000000e+06
1.433333333333333215e+01 1.463685000000000000e+06
1.466666666666666607e+01 1.465538000000000000e+06
1.500000000000000000e+01 1.466309000000000000e+06
1.533333333333333215e+01 1.467616000000000000e+06
1.566666666666666607e+01 1.468115000000000000e+06
1.600000000000000000e+01 1.468149000000000000e+06
1.633333333333333215e+01 1.468280000000000000e+06
1.666666666666666430e+01 1.465637000000000000e+06
1.700000000000000000e+01 1.471452000000000000e+06
1.733333333333333215e+01 1.467737000000000000e+06
1.766666666666666430e+01 1.466042000000000000e+06
1.800000000000000000e+01 1.467026000000000000e+06
1.833333333333333215e+01 1.466556000000000000e+06
1.866666666666666430e+01 1.464421000000000000e+06
1.900000000000000000e+01 1.465296000000000000e+06
1.933333333333333215e+01 1.465080000000000000e+06
1.966666666666666430e+01 1.463492000000000000e+06
2.000000000000000000e+01 1.465036000000000000e+06
2.033333333333333215e+01 1.461693000000000000e+06
2.066666666666666430e+01 1.461057000000000000e+06
2.100000000000000000e+01 1.459742000000000000e+06
2.133333333333333215e+01 1.461232000000000000e+06
2.166666666666666430e+01 1.457842000000000000e+06
2.200000000000000000e+01 1.459442000000000000e+06
2.233333333333333215e+01 1.455471000000000000e+06
2.266666666666666430e+01 1.454767000000000000e+06
2.300000000000000000e+01 1.453869000000000000e+06
2.333333333333333215e+01 1.451409000000000000e+06
2.366666666666666430e+01 1.450771000000000000e+06
2.400000000000000000e+01 1.447996000000000000e+06
2.433333333333333215e+01 1.446455000000000000e+06
2.466666666666666430e+01 1.447358000000000000e+06
2.500000000000000000e+01 1.442740000000000000e+06
2.533333333333333215e+01 1.443892000000000000e+06
2.566666666666666430e+01 1.443633000000000000e+06
2.600000000000000000e+01 1.441907000000000000e+06
2.633333333333333215e+01 1.435988000000000000e+06
2.666666666666666430e+01 1.436549000000000000e+06
2.700000000000000000e+01 1.436822000000000000e+06
2.733333333333333215e+01 1.434085000000000000e+06
2.766666666666666430e+01 1.432857000000000000e+06
2.800000000000000000e+01 1.432845000000000000e+06
2.833333333333333215e+01 1.427818000000000000e+06
2.866666666666666430e+01 1.427971000000000000e+06
2.900000000000000000e+01 1.428007000000000000e+06
2.933333333333333215e+01 1.426119000000000000e+06
2.966666666666666430e+01 1.425087000000000000e+06
3.000000000000000000e+01 1.423413000000000000e+06
3.033333333333333215e+01 1.422659000000000000e+06
3.066666666666666430e+01 1.421490000000000000e+06
3.100000000000000000e+01 1.421161000000000000e+06
3.133333333333333215e+01 1.418880000000000000e+06
3.166666666666666430e+01 1.420749000000000000e+06
3.200000000000000000e+01 1.419452000000000000e+06
3.233333333333332860e+01 1.418126000000000000e+06
3.266666666666666430e+01 1.419921000000000000e+06
3.300000000000000000e+01 1.415809000000000000e+06
3.333333333333332860e+01 1.418839000000000000e+06
3.366666666666666430e+01 1.419051000000000000e+06
3.400000000000000000e+01 1.419144000000000000e+06
3.433333333333332860e+01 1.419671000000000000e+06
3.466666666666666430e+01 1.418622000000000000e+06
3.500000000000000000e+01 1.420394000000000000e+06
3.533333333333332860e+01 1.418548000000000000e+06
3.566666666666666430e+01 1.420512000000000000e+06
3.600000000000000000e+01 1.418392000000000000e+06
3.633333333333332860e+01 1.418564000000000000e+06
3.666666666666666430e+01 1.420829000000000000e+06
3.700000000000000000e+01 1.422407000000000000e+06
3.733333333333332860e+01 1.423355000000000000e+06
3.766666666666666430e+01 1.425013000000000000e+06
3.800000000000000000e+01 1.424725000000000000e+06
3.833333333333332860e+01 1.426723000000000000e+06
3.866666666666666430e+01 1.427469000000000000e+06
3.900000000000000000e+01 1.429325000000000000e+06
3.933333333333332860e+01 1.432519000000000000e+06
3.966666666666666430e+01 1.432222000000000000e+06
4.000000000000000000e+01 1.434221000000000000e+06
4.033333333333332860e+01 1.434207000000000000e+06
4.066666666666666430e+01 1.435772000000000000e+06
4.100000000000000000e+01 1.438727000000000000e+06
4.133333333333332860e+01 1.438327000000000000e+06
4.166666666666666430e+01 1.441109000000000000e+06
4.200000000000000000e+01 1.444514000000000000e+06
4.233333333333332860e+01 1.446307000000000000e+06
4.266666666666666430e+01 1.444898000000000000e+06
4.300000000000000000e+01 1.446337000000000000e+06
4.333333333333332860e+01 1.450827000000000000e+06
4.366666666666666430e+01 1.450944000000000000e+06
4.400000000000000000e+01 1.450687000000000000e+06
4.433333333333332860e+01 1.454391000000000000e+06
4.466666666666666430e+01 1.455686000000000000e+06
4.500000000000000000e+01 1.455687000000000000e+06
4.533333333333332860e+01 1.456703000000000000e+06
4.566666666666666430e+01 1.456571000000000000e+06
4.600000000000000000e+01 1.460483000000000000e+06
4.633333333333332860e+01 1.460681000000000000e+06
4.666666666666666430e+01 1.460282000000000000e+06
4.700000000000000000e+01 1.463629000000000000e+06
4.733333333333332860e+01 1.465416000000000000e+06
4.766666666666666430e+01 1.465089000000000000e+06
4.800000000000000000e+01 1.464353000000000000e+06
4.833333333333332860e+01 1.464671000000000000e+06
4.866666666666666430e+01 1.470431000000000000e+06
4.900000000000000000e+01 1.467984000000000000e+06
4.933333333333332860e+01 1.466019000000000000e+06
4.966666666666666430e+01 1.466255000000000000e+06
5.000000000000000000e+01 1.469853000000000000e+06
5.033333333333332860e+01 1.468184000000000000e+06
5.066666666666666430e+01 1.466022000000000000e+06
5.100000000000000000e+01 1.466732000000000000e+06
5.133333333333332860e+01 1.467881000000000000e+06
5.166666666666666430e+01 1.466944000000000000e+06
5.200000000000000000e+01 1.466980000000000000e+06
5.233333333333332860e+01 1.466374000000000000e+06
5.266666666666666430e+01 1.465804000000000000e+06
5.300000000000000000e+01 1.463991000000000000e+06
5.333333333333332860e+01 1.462010000000000000e+06
5.366666666666666430e+01 1.461918000000000000e+06
5.400000000000000000e+01 1.461480000000000000e+06
5.433333333333332860e+01 1.460732000000000000e+06
5.466666666666666430e+01 1.459550000000000000e+06
5.500000000000000000e+01 1.456471000000000000e+06
5.533333333333332860e+01 1.455055000000000000e+06
5.566666666666666430e+01 1.455253000000000000e+06
5.600000000000000000e+01 1.454595000000000000e+06
5.633333333333332860e+01 1.453787000000000000e+06
5.666666666666666430e+01 1.452770000000000000e+06
5.700000000000000000e+01 1.450436000000000000e+06
5.733333333333332860e+01 1.447106000000000000e+06
5.766666666666666430e+01 1.446599000000000000e+06
5.800000000000000000e+01 1.443761000000000000e+06
5.833333333333332860e+01 1.444264000000000000e+06
5.866666666666666430e+01 1.443448000000000000e+06
5.900000000000000000e+01 1.441012000000000000e+06
5.933333333333332860e+01 1.440170000000000000e+06
5.966666666666666430e+01 1.439692000000000000e+06
6.000000000000000000e+01 1.437139000000000000e+06
6.033333333333332860e+01 1.436894000000000000e+06
6.066666666666666430e+01 1.432754000000000000e+06
6.100000000000000000e+01 1.432045000000000000e+06
6.133333333333332860e+01 1.432417000000000000e+06
6.166666666666666430e+01 1.430658000000000000e+06
6.200000000000000000e+01 1.427895000000000000e+06
6.233333333333332860e+01 1.426941000000000000e+06
6.266666666666666430e+01 1.425622000000000000e+06
6.300000000000000000e+01 1.425194000000000000e+06
6.333333333333332860e+01 1.423660000000000000e+06
6.366666666666666430e+01 1.421268000000000000e+06
6.400000000000000000e+01 1.420201000000000000e+06
6.433333333333332860e+01 1.421030000000000000e+06
6.466666666666665719e+01 1.423615000000000000e+06
6.500000000000000000e+01 1.422641000000000000e+06
6.533333333333332860e+01 1.419771000000000000e+06
6.566666666666665719e+01 1.418306000000000000e+06
6.600000000000000000e+01 1.419063000000000000e+06
6.633333333333332860e+01 1.418083000000000000e+06
