0.000000000000000000e+00 9.266200000000000000e+04
1.000000000000000000e+04 9.697100000000000000e+04
2.000000000000000000e+04 9.912400000000000000e+04
3.000000000000000000e+04 1.007210000000000000e+05
4.000000000000000000e+04 1.022750000000000000e+05
5.000000000000000000e+04 1.044350000000000000e+05
6.000000000000000000e+04 1.065940000000000000e+05
7.000000000000000000e+04 1.077130000000000000e+05
8.000000000000000000e+04 1.091420000000000000e+05
9.000000000000000000e+04 1.095410000000000000e+05
1.000000000000000000e+05 1.113770000000000000e+05
1.100000000000000000e+05 1.121700000000000000e+05
1.200000000000000000e+05 1.126870000000000000e+05
1.300000000000000000e+05 1.134500000000000000e+05
1.400000000000000000e+05 1.139140000000000000e+05
1.500000000000000000e+05 1.143310000000000000e+05
1.600000000000000000e+05 1.145440000000000000e+05
1.700000000000000000e+05 1.152610000000000000e+05
1.800000000000000000e+05 1.160330000000000000e+05
1.900000000000000000e+05 1.155640000000000000e+05
2.000000000000000000e+05 1.155390000000000000e+05
2.100000000000000000e+05 1.157380000000000000e+05
2.200000000000000000e+05 1.156280000000000000e+05
2.300000000000000000e+05 1.156180000000000000e+05
2.400000000000000000e+05 1.143850000000000000e+05
2.500000000000000000e+05 1.153000000000000000e+05
2.600000000000000000e+05 1.144960000000000000e+05
2.700000000000000000e+05 1.136350000000000000e+05
2.800000000000000000e+05 1.136230000000000000e+05
2.900000000000000000e+05 1.117610000000000000e+05
3.000000000000000000e+05 1.110850000000000000e+05
3.100000000000000000e+05 1.100070000000000000e+05
3.200000000000000000e+05 1.084620000000000000e+05
3.300000000000000000e+05 1.069510000000000000e+05
3.400000000000000000e+05 1.061060000000000000e+05
3.500000000000000000e+05 1.041040000000000000e+05
3.600000000000000000e+05 1.028350000000000000e+05
3.700000000000000000e+05 1.010260000000000000e+05
3.800000000000000000e+05 9.810500000000000000e+04
3.900000000000000000e+05 9.566100000000000000e+04
4.000000000000000000e+05 9.416300000000000000e+04
4.100000000000000000e+05 9.194400000000000000e+04
4.200000000000000000e+05 8.876700000000000000e+04
4.300000000000000000e+05 8.621500000000000000e+04
4.400000000000000000e+05 8.321200000000000000e+04
4.500000000000000000e+05 8.013300000000000000e+04
4.600000000000000000e+05 7.641200000000000000e+04
4.700000000000000000e+05 7.384500000000000000e+04
4.800000000000000000e+05 6.984100000000000000e+04
4.900000000000000000e+05 6.669800000000000000e+04
5.000000000000000000e+05 6.393900000000000000e+04
5.100000000000000000e+05 6.047600000000000000e+04
5.200000000000000000e+05 5.708400000000000000e+04
5.300000000000000000e+05 5.329700000000000000e+04
5.400000000000000000e+05 4.983800000000000000e+04
5.500000000000000000e+05 4.650600000000000000e+04
5.600000000000000000e+05 4.397900000000000000e+04
5.700000000000000000e+05 4.068100000000000000e+04
5.800000000000000000e+05 3.824600000000000000e+04
5.900000000000000000e+05 3.561500000000000000e+04
6.000000000000000000e+05 3.319000000000000000e+04
6.100000000000000000e+05 3.094400000000000000e+04
6.200000000000000000e+05 2.889500000000000000e+04
6.300000000000000000e+05 2.754700000000000000e+04
6.400000000000000000e+05 2.615200000000000000e+04
6.500000000000000000e+05 2.489900000000000000e+04
6.600000000000000000e+05 2.403200000000000000e+04
6.700000000000000000e+05 2.359400000000000000e+04
6.800000000000000000e+05 2.303600000000000000e+04
6.900000000000000000e+05 2.294200000000000000e+04
7.000000000000000000e+05 2.326700000000000000e+04
7.100000000000000000e+05 2.302900000000000000e+04
7.200000000000000000e+05 2.344900000000000000e+04
7.300000000000000000e+05 2.454100000000000000e+04
7.400000000000000000e+05 2.537200000000000000e+04
7.500000000000000000e+05 2.685300000000000000e+04
7.600000000000000000e+05 2.807200000000000000e+04
7.700000000000000000e+05 3.026200000000000000e+04
7.800000000000000000e+05 3.164500000000000000e+04
7.900000000000000000e+05 3.376900000000000000e+04
8.000000000000000000e+05 3.696700000000000000e+04
8.100000000000000000e+05 3.932300000000000000e+04
8.200000000000000000e+05 4.250700000000000000e+04
8.300000000000000000e+05 4.526900000000000000e+04
8.400000000000000000e+05 4.810800000000000000e+04
8.500000000000000000e+05 5.124300000000000000e+04
8.600000000000000000e+05 5.457300000000000000e+04
8.700000000000000000e+05 5.876900000000000000e+04
8.800000000000000000e+05 6.180300000000000000e+04
8.900000000000000000e+05 6.520400000000000000e+04
9.000000000000000000e+05 6.891300000000000000e+04
9.100000000000000000e+05 7.178000000000000000e+04
9.200000000000000000e+05 7.540100000000000000e+04
9.300000000000000000e+05 7.853200000000000000e+04
9.400000000000000000e+05 8.160000000000000000e+04
9.500000000000000000e+05 8.510800000000000000e+04
9.600000000000000000e+05 8.747900000000000000e+04
9.700000000000000000e+05 9.044800000000000000e+04
9.800000000000000000e+05 9.291800000000000000e+04
9.900000000000000000e+05 9.540400000000000000e+04
1.000000000000000000e+06 9.779300000000000000e+04
1.010000000000000000e+06 1.000180000000000000e+05
1.020000000000000000e+06 1.018740000000000000e+05
1.030000000000000000e+06 1.036840000000000000e+05
1.040000000000000000e+06 1.052530000000000000e+05
1.050000000000000000e+06 1.067970000000000000e+05
1.060000000000000000e+06 1.083470000000000000e+05
1.070000000000000000e+06 1.097880000000000000e+05
1.080000000000000000e+06 1.107020000000000000e+05
1.090000000000000000e+06 1.113080000000000000e+05
1.100000000000000000e+06 1.128720000000000000e+05
1.110000000000000000e+06 1.139050000000000000e+05
1.120000000000000000e+06 1.144890000000000000e+05
1.130000000000000000e+06 1.146890000000000000e+05
1.140000000000000000e+06 1.154510000000000000e+05
1.150000000000000000e+06 1.158980000000000000e+05
1.160000000000000000e+06 1.158620000000000000e+05
1.170000000000000000e+06 1.168170000000000000e+05
1.180000000000000000e+06 1.169420000000000000e+05
1.190000000000000000e+06 1.173050000000000000e+05
1.200000000000000000e+06 1.164390000000000000e+05
1.210000000000000000e+06 1.159580000000000000e+05
1.220000000000000000e+06 1.165640000000000000e+05
1.230000000000000000e+06 1.155260000000000000e+05
1.240000000000000000e+06 1.156160000000000000e+05
1.250000000000000000e+06 1.149710000000000000e+05
1.260000000000000000e+06 1.149600000000000000e+05
1.270000000000000000e+06 1.141650000000000000e+05
1.280000000000000000e+06 1.127170000000000000e+05
1.290000000000000000e+06 1.120020000000000000e+05
1.300000000000000000e+06 1.112370000000000000e+05
1.310000000000000000e+06 1.099590000000000000e+05
1.320000000000000000e+06 1.084340000000000000e+05
1.330000000000000000e+06 1.072940000000000000e+05
1.340000000000000000e+06 1.062890000000000000e+05
1.350000000000000000e+06 1.049480000000000000e+05
1.360000000000000000e+06 1.025750000000000000e+05
1.370000000000000000e+06 1.008160000000000000e+05
1.380000000000000000e+06 9.908800000000000000e+04
1.390000000000000000e+06 9.635700000000000000e+04
1.400000000000000000e+06 9.417600000000000000e+04
1.410000000000000000e+06 9.155400000000000000e+04
1.420000000000000000e+06 8.883300000000000000e+04
1.430000000000000000e+06 8.625200000000000000e+04
1.440000000000000000e+06 8.318000000000000000e+04
1.450000000000000000e+06 8.049100000000000000e+04
1.460000000000000000e+06 7.722500000000000000e+04
1.470000000000000000e+06 7.351500000000000000e+04
1.480000000000000000e+06 7.034800000000000000e+04
1.490000000000000000e+06 6.688200000000000000e+04
1.500000000000000000e+06 6.349300000000000000e+04
1.510000000000000000e+06 6.052300000000000000e+04
1.520000000000000000e+06 5.677200000000000000e+04
1.530000000000000000e+06 5.306700000000000000e+04
1.540000000000000000e+06 5.001500000000000000e+04
1.550000000000000000e+06 4.695700000000000000e+04
1.560000000000000000e+06 4.391400000000000000e+04
1.570000000000000000e+06 4.057700000000000000e+04
1.580000000000000000e+06 3.832000000000000000e+04
1.590000000000000000e+06 3.555400000000000000e+04
1.600000000000000000e+06 3.337300000000000000e+04
1.610000000000000000e+06 3.106000000000000000e+04
1.620000000000000000e+06 2.946900000000000000e+04
1.630000000000000000e+06 2.797200000000000000e+04
1.640000000000000000e+06 2.603900000000000000e+04
1.650000000000000000e+06 2.527500000000000000e+04
1.660000000000000000e+06 2.440500000000000000e+04
1.670000000000000000e+06 2.356500000000000000e+04
1.680000000000000000e+06 2.316500000000000000e+04
1.690000000000000000e+06 2.318900000000000000e+04
1.700000000000000000e+06 2.306100000000000000e+04
1.710000000000000000e+06 2.298000000000000000e+04
1.720000000000000000e+06 2.322700000000000000e+04
1.730000000000000000e+06 2.437200000000000000e+04
1.740000000000000000e+06 2.539200000000000000e+04
1.750000000000000000e+06 2.670600000000000000e+04
1.760000000000000000e+06 2.836100000000000000e+04
1.770000000000000000e+06 3.020100000000000000e+04
1.780000000000000000e+06 3.160500000000000000e+04
1.790000000000000000e+06 3.412200000000000000e+04
1.800000000000000000e+06 3.664300000000000000e+04
1.810000000000000000e+06 3.958500000000000000e+04
1.820000000000000000e+06 4.207200000000000000e+04
1.830000000000000000e+06 4.518600000000000000e+04
1.840000000000000000e+06 4.789800000000000000e+04
1.850000000000000000e+06 5.148400000000000000e+04
1.860000000000000000e+06 5.460500000000000000e+04
1.870000000000000000e+06 5.864700000000000000e+04
1.880000000000000000e+06 6.144800000000000000e+04
1.890000000000000000e+06 6.516300000000000000e+04
1.900000000000000000e+06 6.859400000000000000e+04
1.910000000000000000e+06 7.198900000000000000e+04
1.920000000000000000e+06 7.500700000000000000e+04
1.930000000000000000e+06 7.867600000000000000e+04
1.940000000000000000e+06 8.138600000000000000e+04
1.950000000000000000e+06 8.416700000000000000e+04
1.960000000000000000e+06 8.694300000000000000e+04
1.970000000000000000e+06 8.959100000000000000e+04
1.980000000000000000e+06 9.287900000000000000e+04
1.990000000000000000e+06 9.482400000000000000e+04
