0.000000000000000000e+00 3.206600000000000000e+04
5.000000000000000000e+02 3.284700000000000000e+04
1.000000000000000000e+03 3.331800000000000000e+04
1.500000000000000000e+03 3.353200000000000000e+04
2.000000000000000000e+03 3.411400000000000000e+04
2.500000000000000000e+03 3.470100000000000000e+04
3.000000000000000000e+03 3.539100000000000000e+04
3.500000000000000000e+03 3.569300000000000000e+04
4.000000000000000000e+03 3.620400000000000000e+04
4.500000000000000000e+03 3.636300000000000000e+04
5.000000000000000000e+03 3.691500000000000000e+04
5.500000000000000000e+03 3.684800000000000000e+04
6.000000000000000000e+03 3.730500000000000000e+04
6.500000000000000000e+03 3.709700000000000000e+04
7.000000000000000000e+03 3.728700000000000000e+04
7.500000000000000000e+03 3.691700000000000000e+04
8.000000000000000000e+03 3.744200000000000000e+04
8.500000000000000000e+03 3.773800000000000000e+04
9.000000000000000000e+03 3.782900000000000000e+04
9.500000000000000000e+03 3.820000000000000000e+04
1.000000000000000000e+04 3.843000000000000000e+04
1.050000000000000000e+04 3.813100000000000000e+04
1.100000000000000000e+04 3.816700000000000000e+04
1.150000000000000000e+04 3.793200000000000000e+04
1.200000000000000000e+04 3.775600000000000000e+04
1.250000000000000000e+04 3.765300000000000000e+04
1.300000000000000000e+04 3.730400000000000000e+04
1.350000000000000000e+04 3.694700000000000000e+04
1.400000000000000000e+04 3.692200000000000000e+04
1.450000000000000000e+04 3.669300000000000000e+04
1.500000000000000000e+04 3.635000000000000000e+04
1.550000000000000000e+04 3.642500000000000000e+04
1.600000000000000000e+04 3.569900000000000000e+04
1.650000000000000000e+04 3.522500000000000000e+04
1.700000000000000000e+04 3.500500000000000000e+04
1.750000000000000000e+04 3.383800000000000000e+04
1.800000000000000000e+04 3.355700000000000000e+04
1.850000000000000000e+04 3.276000000000000000e+04
1.900000000000000000e+04 3.197700000000000000e+04
1.950000000000000000e+04 3.150500000000000000e+04
2.000000000000000000e+04 3.068200000000000000e+04
2.050000000000000000e+04 2.999700000000000000e+04
2.100000000000000000e+04 2.956200000000000000e+04
2.150000000000000000e+04 2.857000000000000000e+04
2.200000000000000000e+04 2.746300000000000000e+04
2.250000000000000000e+04 2.622300000000000000e+04
2.300000000000000000e+04 2.530000000000000000e+04
2.350000000000000000e+04 2.407500000000000000e+04
2.400000000000000000e+04 2.295100000000000000e+04
2.450000000000000000e+04 2.159700000000000000e+04
2.500000000000000000e+04 2.088800000000000000e+04
2.550000000000000000e+04 1.993200000000000000e+04
2.600000000000000000e+04 1.889800000000000000e+04
2.650000000000000000e+04 1.807700000000000000e+04
2.700000000000000000e+04 1.693600000000000000e+04
2.750000000000000000e+04 1.578600000000000000e+04
2.800000000000000000e+04 1.478200000000000000e+04
2.850000000000000000e+04 1.404400000000000000e+04
2.900000000000000000e+04 1.302200000000000000e+04
2.950000000000000000e+04 1.226800000000000000e+04
3.000000000000000000e+04 1.147900000000000000e+04
3.050000000000000000e+04 1.061400000000000000e+04
3.100000000000000000e+04 1.021800000000000000e+04
3.150000000000000000e+04 9.603000000000000000e+03
3.200000000000000000e+04 9.239000000000000000e+03
3.250000000000000000e+04 8.862000000000000000e+03
3.300000000000000000e+04 8.450000000000000000e+03
3.350000000000000000e+04 8.203000000000000000e+03
3.400000000000000000e+04 7.977000000000000000e+03
3.450000000000000000e+04 7.833000000000000000e+03
3.500000000000000000e+04 7.936000000000000000e+03
3.550000000000000000e+04 7.983000000000000000e+03
3.600000000000000000e+04 8.067000000000000000e+03
3.650000000000000000e+04 8.295000000000000000e+03
3.700000000000000000e+04 8.773000000000000000e+03
3.750000000000000000e+04 9.061000000000000000e+03
3.800000000000000000e+04 9.530000000000000000e+03
3.850000000000000000e+04 1.011500000000000000e+04
3.900000000000000000e+04 1.075900000000000000e+04
3.950000000000000000e+04 1.126700000000000000e+04
4.000000000000000000e+04 1.202300000000000000e+04
4.050000000000000000e+04 1.300400000000000000e+04
4.100000000000000000e+04 1.405100000000000000e+04
4.150000000000000000e+04 1.471700000000000000e+04
4.200000000000000000e+04 1.588800000000000000e+04
4.250000000000000000e+04 1.694200000000000000e+04
4.300000000000000000e+04 1.829100000000000000e+04
4.350000000000000000e+04 1.960700000000000000e+04
4.400000000000000000e+04 2.048200000000000000e+04
4.450000000000000000e+04 2.154100000000000000e+04
4.500000000000000000e+04 2.273500000000000000e+04
4.550000000000000000e+04 2.397500000000000000e+04
4.600000000000000000e+04 2.475200000000000000e+04
4.650000000000000000e+04 2.577300000000000000e+04
4.700000000000000000e+04 2.690300000000000000e+04
4.750000000000000000e+04 2.771800000000000000e+04
4.800000000000000000e+04 2.877400000000000000e+04
4.850000000000000000e+04 2.979300000000000000e+04
4.900000000000000000e+04 3.058800000000000000e+04
4.950000000000000000e+04 3.161600000000000000e+04
5.000000000000000000e+04 3.240700000000000000e+04
5.050000000000000000e+04 3.282800000000000000e+04
5.100000000000000000e+04 3.323200000000000000e+04
5.150000000000000000e+04 3.372900000000000000e+04
5.200000000000000000e+04 3.424300000000000000e+04
5.250000000000000000e+04 3.452900000000000000e+04
5.300000000000000000e+04 3.517200000000000000e+04
5.350000000000000000e+04 3.592900000000000000e+04
5.400000000000000000e+04 3.609600000000000000e+04
5.450000000000000000e+04 3.650600000000000000e+04
5.500000000000000000e+04 3.723300000000000000e+04
5.550000000000000000e+04 3.695700000000000000e+04
5.600000000000000000e+04 3.764600000000000000e+04
5.650000000000000000e+04 3.724500000000000000e+04
5.700000000000000000e+04 3.743800000000000000e+04
5.750000000000000000e+04 3.749000000000000000e+04
5.800000000000000000e+04 3.705600000000000000e+04
5.850000000000000000e+04 3.772600000000000000e+04
5.900000000000000000e+04 3.789200000000000000e+04
5.950000000000000000e+04 3.788000000000000000e+04
6.000000000000000000e+04 3.822700000000000000e+04
6.050000000000000000e+04 3.811500000000000000e+04
6.100000000000000000e+04 3.822500000000000000e+04
6.150000000000000000e+04 3.755200000000000000e+04
6.200000000000000000e+04 3.791700000000000000e+04
6.250000000000000000e+04 3.757900000000000000e+04
6.300000000000000000e+04 3.706100000000000000e+04
6.350000000000000000e+04 3.713500000000000000e+04
6.400000000000000000e+04 3.639100000000000000e+04
6.450000000000000000e+04 3.623600000000000000e+04
6.500000000000000000e+04 3.657300000000000000e+04
6.550000000000000000e+04 3.627300000000000000e+04
6.600000000000000000e+04 3.580400000000000000e+04
6.650000000000000000e+04 3.549300000000000000e+04
6.700000000000000000e+04 3.472900000000000000e+04
6.750000000000000000e+04 3.416400000000000000e+04
6.800000000000000000e+04 3.343800000000000000e+04
6.850000000000000000e+04 3.282400000000000000e+04
6.900000000000000000e+04 3.207700000000000000e+04
6.950000000000000000e+04 3.137200000000000000e+04
7.000000000000000000e+04 3.042600000000000000e+04
7.050000000000000000e+04 2.984900000000000000e+04
7.100000000000000000e+04 2.927000000000000000e+04
7.150000000000000000e+04 2.845700000000000000e+04
7.200000000000000000e+04 2.729300000000000000e+04
7.250000000000000000e+04 2.617600000000000000e+04
7.300000000000000000e+04 2.525200000000000000e+04
7.350000000000000000e+04 2.403100000000000000e+04
7.400000000000000000e+04 2.286200000000000000e+04
7.450000000000000000e+04 2.195200000000000000e+04
7.500000000000000000e+04 2.095200000000000000e+04
7.550000000000000000e+04 2.012700000000000000e+04
7.600000000000000000e+04 1.906900000000000000e+04
7.650000000000000000e+04 1.806300000000000000e+04
7.700000000000000000e+04 1.694000000000000000e+04
7.750000000000000000e+04 1.582000000000000000e+04
7.800000000000000000e+04 1.473100000000000000e+04
7.850000000000000000e+04 1.368200000000000000e+04
7.900000000000000000e+04 1.288500000000000000e+04
7.950000000000000000e+04 1.229900000000000000e+04
8.000000000000000000e+04 1.146500000000000000e+04
8.050000000000000000e+04 1.092500000000000000e+04
8.100000000000000000e+04 1.000700000000000000e+04
8.150000000000000000e+04 9.638000000000000000e+03
8.200000000000000000e+04 9.038000000000000000e+03
8.250000000000000000e+04 8.826000000000000000e+03
8.300000000000000000e+04 8.543000000000000000e+03
8.350000000000000000e+04 8.191000000000000000e+03
8.400000000000000000e+04 8.059000000000000000e+03
8.450000000000000000e+04 7.976000000000000000e+03
8.500000000000000000e+04 7.718000000000000000e+03
8.550000000000000000e+04 7.888000000000000000e+03
8.600000000000000000e+04 8.131000000000000000e+03
8.650000000000000000e+04 8.178000000000000000e+03
8.700000000000000000e+04 8.769000000000000000e+03
8.750000000000000000e+04 9.097000000000000000e+03
8.800000000000000000e+04 9.534000000000000000e+03
8.850000000000000000e+04 1.018700000000000000e+04
8.900000000000000000e+04 1.074500000000000000e+04
8.950000000000000000e+04 1.133000000000000000e+04
9.000000000000000000e+04 1.212900000000000000e+04
9.050000000000000000e+04 1.284700000000000000e+04
9.100000000000000000e+04 1.378300000000000000e+04
9.150000000000000000e+04 1.468100000000000000e+04
9.200000000000000000e+04 1.570900000000000000e+04
9.250000000000000000e+04 1.694900000000000000e+04
9.300000000000000000e+04 1.837200000000000000e+04
9.350000000000000000e+04 1.922900000000000000e+04
9.400000000000000000e+04 2.072600000000000000e+04
9.450000000000000000e+04 2.139700000000000000e+04
9.500000000000000000e+04 2.260300000000000000e+04
9.550000000000000000e+04 2.381100000000000000e+04
9.600000000000000000e+04 2.464800000000000000e+04
9.650000000000000000e+04 2.539600000000000000e+04
9.700000000000000000e+04 2.692500000000000000e+04
9.750000000000000000e+04 2.787500000000000000e+04
9.800000000000000000e+04 2.885000000000000000e+04
9.850000000000000000e+04 2.979400000000000000e+04
9.900000000000000000e+04 3.111600000000000000e+04
9.950000000000000000e+04 3.127400000000000000e+04
