0.000000000000000000e+00 3.262500000000000000e+04
5.000000000000000000e+01 3.340200000000000000e+04
1.000000000000000000e+02 3.451200000000000000e+04
1.500000000000000000e+02 3.553000000000000000e+04
2.000000000000000000e+02 3.608100000000000000e+04
2.500000000000000000e+02 3.728300000000000000e+04
3.000000000000000000e+02 3.755700000000000000e+04
3.500000000000000000e+02 3.833100000000000000e+04
4.000000000000000000e+02 3.865400000000000000e+04
4.500000000000000000e+02 3.984400000000000000e+04
5.000000000000000000e+02 3.948700000000000000e+04
5.500000000000000000e+02 4.034500000000000000e+04
6.000000000000000000e+02 4.080400000000000000e+04
6.500000000000000000e+02 4.068000000000000000e+04
7.000000000000000000e+02 4.091600000000000000e+04
7.500000000000000000e+02 4.106400000000000000e+04
8.000000000000000000e+02 4.126000000000000000e+04
8.500000000000000000e+02 4.178200000000000000e+04
9.000000000000000000e+02 4.193900000000000000e+04
9.500000000000000000e+02 4.166600000000000000e+04
1.000000000000000000e+03 4.179100000000000000e+04
1.050000000000000000e+03 4.169800000000000000e+04
1.100000000000000000e+03 4.191100000000000000e+04
1.150000000000000000e+03 4.204800000000000000e+04
1.200000000000000000e+03 4.175100000000000000e+04
1.250000000000000000e+03 4.155800000000000000e+04
1.300000000000000000e+03 4.150100000000000000e+04
1.350000000000000000e+03 4.149300000000000000e+04
1.400000000000000000e+03 4.071800000000000000e+04
1.450000000000000000e+03 4.064500000000000000e+04
1.500000000000000000e+03 4.033100000000000000e+04
1.550000000000000000e+03 3.979700000000000000e+04
1.600000000000000000e+03 3.991300000000000000e+04
1.650000000000000000e+03 3.913100000000000000e+04
1.700000000000000000e+03 3.866200000000000000e+04
1.750000000000000000e+03 3.799200000000000000e+04
1.800000000000000000e+03 3.753600000000000000e+04
1.850000000000000000e+03 3.707100000000000000e+04
1.900000000000000000e+03 3.664800000000000000e+04
1.950000000000000000e+03 3.589800000000000000e+04
2.000000000000000000e+03 3.469700000000000000e+04
2.050000000000000000e+03 3.408300000000000000e+04
2.100000000000000000e+03 3.354600000000000000e+04
2.150000000000000000e+03 3.249600000000000000e+04
2.200000000000000000e+03 3.172200000000000000e+04
2.250000000000000000e+03 3.038800000000000000e+04
2.300000000000000000e+03 2.984300000000000000e+04
2.350000000000000000e+03 2.866400000000000000e+04
2.400000000000000000e+03 2.772200000000000000e+04
2.450000000000000000e+03 2.620900000000000000e+04
2.500000000000000000e+03 2.525200000000000000e+04
2.550000000000000000e+03 2.424300000000000000e+04
2.600000000000000000e+03 2.320200000000000000e+04
2.650000000000000000e+03 2.227800000000000000e+04
2.700000000000000000e+03 2.105200000000000000e+04
2.750000000000000000e+03 1.987700000000000000e+04
2.800000000000000000e+03 1.894500000000000000e+04
2.850000000000000000e+03 1.785300000000000000e+04
2.900000000000000000e+03 1.702500000000000000e+04
2.950000000000000000e+03 1.596500000000000000e+04
3.000000000000000000e+03 1.510400000000000000e+04
3.050000000000000000e+03 1.415600000000000000e+04
3.100000000000000000e+03 1.345400000000000000e+04
3.150000000000000000e+03 1.261800000000000000e+04
3.200000000000000000e+03 1.182700000000000000e+04
3.250000000000000000e+03 1.146100000000000000e+04
3.300000000000000000e+03 1.103700000000000000e+04
3.350000000000000000e+03 1.021200000000000000e+04
3.400000000000000000e+03 1.009200000000000000e+04
3.450000000000000000e+03 9.697000000000000000e+03
3.500000000000000000e+03 9.199000000000000000e+03
3.550000000000000000e+03 9.309000000000000000e+03
3.600000000000000000e+03 8.991000000000000000e+03
3.650000000000000000e+03 8.806000000000000000e+03
3.700000000000000000e+03 8.925000000000000000e+03
3.750000000000000000e+03 8.836000000000000000e+03
3.800000000000000000e+03 9.236000000000000000e+03
3.850000000000000000e+03 9.561000000000000000e+03
3.900000000000000000e+03 9.604000000000000000e+03
3.950000000000000000e+03 1.005600000000000000e+04
4.000000000000000000e+03 1.063100000000000000e+04
4.050000000000000000e+03 1.106500000000000000e+04
4.100000000000000000e+03 1.205000000000000000e+04
4.150000000000000000e+03 1.268200000000000000e+04
4.200000000000000000e+03 1.381500000000000000e+04
4.250000000000000000e+03 1.440900000000000000e+04
4.300000000000000000e+03 1.585300000000000000e+04
4.350000000000000000e+03 1.675200000000000000e+04
4.400000000000000000e+03 1.814400000000000000e+04
4.450000000000000000e+03 1.971400000000000000e+04
4.500000000000000000e+03 2.077100000000000000e+04
4.550000000000000000e+03 2.196700000000000000e+04
4.600000000000000000e+03 2.356600000000000000e+04
4.650000000000000000e+03 2.461800000000000000e+04
4.700000000000000000e+03 2.574900000000000000e+04
4.750000000000000000e+03 2.748600000000000000e+04
4.800000000000000000e+03 2.871000000000000000e+04
4.850000000000000000e+03 2.980100000000000000e+04
4.900000000000000000e+03 3.068000000000000000e+04
4.950000000000000000e+03 3.212000000000000000e+04
5.000000000000000000e+03 3.297200000000000000e+04
5.050000000000000000e+03 3.369600000000000000e+04
5.100000000000000000e+03 3.445200000000000000e+04
5.150000000000000000e+03 3.592700000000000000e+04
5.200000000000000000e+03 3.644500000000000000e+04
5.250000000000000000e+03 3.721900000000000000e+04
5.300000000000000000e+03 3.791100000000000000e+04
5.350000000000000000e+03 3.813700000000000000e+04
5.400000000000000000e+03 3.858700000000000000e+04
5.450000000000000000e+03 3.938100000000000000e+04
5.500000000000000000e+03 3.966700000000000000e+04
5.550000000000000000e+03 4.012500000000000000e+04
5.600000000000000000e+03 4.055800000000000000e+04
5.650000000000000000e+03 4.058600000000000000e+04
5.700000000000000000e+03 4.088100000000000000e+04
5.750000000000000000e+03 4.118600000000000000e+04
5.800000000000000000e+03 4.130300000000000000e+04
5.850000000000000000e+03 4.148200000000000000e+04
5.900000000000000000e+03 4.170000000000000000e+04
5.950000000000000000e+03 4.147000000000000000e+04
6.000000000000000000e+03 4.190300000000000000e+04
6.050000000000000000e+03 4.207100000000000000e+04
6.100000000000000000e+03 4.228500000000000000e+04
6.150000000000000000e+03 4.173200000000000000e+04
6.200000000000000000e+03 4.163700000000000000e+04
6.250000000000000000e+03 4.155700000000000000e+04
6.300000000000000000e+03 4.154900000000000000e+04
6.350000000000000000e+03 4.117700000000000000e+04
6.400000000000000000e+03 4.078000000000000000e+04
6.450000000000000000e+03 4.082900000000000000e+04
6.500000000000000000e+03 4.057000000000000000e+04
6.550000000000000000e+03 4.017900000000000000e+04
6.600000000000000000e+03 3.956800000000000000e+04
6.650000000000000000e+03 3.922200000000000000e+04
6.700000000000000000e+03 3.930600000000000000e+04
6.750000000000000000e+03 3.810900000000000000e+04
6.800000000000000000e+03 3.811500000000000000e+04
6.850000000000000000e+03 3.705300000000000000e+04
6.900000000000000000e+03 3.634200000000000000e+04
6.950000000000000000e+03 3.539000000000000000e+04
7.000000000000000000e+03 3.517400000000000000e+04
7.050000000000000000e+03 3.419300000000000000e+04
7.100000000000000000e+03 3.354700000000000000e+04
7.150000000000000000e+03 3.245200000000000000e+04
7.200000000000000000e+03 3.168900000000000000e+04
7.250000000000000000e+03 3.065100000000000000e+04
7.300000000000000000e+03 2.992000000000000000e+04
7.350000000000000000e+03 2.862200000000000000e+04
7.400000000000000000e+03 2.769400000000000000e+04
7.450000000000000000e+03 2.653300000000000000e+04
7.500000000000000000e+03 2.552000000000000000e+04
7.550000000000000000e+03 2.421800000000000000e+04
7.600000000000000000e+03 2.331000000000000000e+04
7.650000000000000000e+03 2.202000000000000000e+04
7.700000000000000000e+03 2.107800000000000000e+04
7.750000000000000000e+03 1.987400000000000000e+04
7.800000000000000000e+03 1.887800000000000000e+04
7.850000000000000000e+03 1.790500000000000000e+04
7.900000000000000000e+03 1.687200000000000000e+04
7.950000000000000000e+03 1.608800000000000000e+04
8.000000000000000000e+03 1.523100000000000000e+04
8.050000000000000000e+03 1.428400000000000000e+04
8.100000000000000000e+03 1.334600000000000000e+04
8.150000000000000000e+03 1.282100000000000000e+04
8.200000000000000000e+03 1.215000000000000000e+04
8.250000000000000000e+03 1.142000000000000000e+04
8.300000000000000000e+03 1.089900000000000000e+04
8.350000000000000000e+03 1.042200000000000000e+04
8.400000000000000000e+03 1.004000000000000000e+04
8.450000000000000000e+03 9.597000000000000000e+03
8.500000000000000000e+03 9.483000000000000000e+03
8.550000000000000000e+03 9.052000000000000000e+03
8.600000000000000000e+03 9.115000000000000000e+03
8.650000000000000000e+03 8.901000000000000000e+03
8.700000000000000000e+03 8.879000000000000000e+03
8.750000000000000000e+03 8.977000000000000000e+03
8.800000000000000000e+03 9.143000000000000000e+03
8.850000000000000000e+03 9.309000000000000000e+03
8.900000000000000000e+03 9.631000000000000000e+03
8.950000000000000000e+03 1.005300000000000000e+04
9.000000000000000000e+03 1.073900000000000000e+04
9.050000000000000000e+03 1.124700000000000000e+04
9.100000000000000000e+03 1.182200000000000000e+04
9.150000000000000000e+03 1.271100000000000000e+04
9.200000000000000000e+03 1.347000000000000000e+04
9.250000000000000000e+03 1.457800000000000000e+04
9.300000000000000000e+03 1.564600000000000000e+04
9.350000000000000000e+03 1.681300000000000000e+04
9.400000000000000000e+03 1.808600000000000000e+04
9.450000000000000000e+03 1.923700000000000000e+04
9.500000000000000000e+03 2.071300000000000000e+04
9.550000000000000000e+03 2.191500000000000000e+04
9.600000000000000000e+03 2.347100000000000000e+04
9.650000000000000000e+03 2.459100000000000000e+04
9.700000000000000000e+03 2.557200000000000000e+04
9.750000000000000000e+03 2.676800000000000000e+04
9.800000000000000000e+03 2.822400000000000000e+04
9.850000000000000000e+03 2.955700000000000000e+04
9.900000000000000000e+03 3.077300000000000000e+04
9.950000000000000000e+03 3.189400000000000000e+04
