0.000000000000000000e+00 1.997030000000000000e+05
9.995833333333333570e+00 2.076380000000000000e+05
1.999166666666666714e+01 2.148020000000000000e+05
2.998750000000000071e+01 2.219070000000000000e+05
3.998333333333333428e+01 2.302130000000000000e+05
4.997916666666667140e+01 2.369070000000000000e+05
5.997500000000000142e+01 2.437330000000000000e+05
6.997083333333333144e+01 2.517000000000000000e+05
7.996666666666666856e+01 2.572160000000000000e+05
8.996250000000000568e+01 2.642360000000000000e+05
9.995833333333334281e+01 2.706040000000000000e+05
1.099541666666666657e+02 2.758540000000000000e+05
1.199500000000000028e+02 2.808050000000000000e+05
1.299458333333333258e+02 2.864440000000000000e+05
1.399416666666666629e+02 2.917350000000000000e+05
1.499375000000000000e+02 2.964750000000000000e+05
1.599333333333333371e+02 2.995380000000000000e+05
1.699291666666666742e+02 3.040570000000000000e+05
1.799250000000000114e+02 3.067610000000000000e+05
1.899208333333333485e+02 3.102490000000000000e+05
1.999166666666666856e+02 3.125740000000000000e+05
2.099124999999999943e+02 3.164910000000000000e+05
2.199083333333333314e+02 3.180250000000000000e+05
2.299041666666666686e+02 3.198540000000000000e+05
2.399000000000000057e+02 3.212160000000000000e+05
2.498958333333333428e+02 3.226650000000000000e+05
2.598916666666666515e+02 3.233500000000000000e+05
2.698874999999999886e+02 3.246140000000000000e+05
2.798833333333333258e+02 3.253470000000000000e+05
2.898791666666666629e+02 3.248560000000000000e+05
2.998750000000000000e+02 3.263250000000000000e+05
3.098708333333333371e+02 3.243150000000000000e+05
3.198666666666666742e+02 3.238640000000000000e+05
3.298625000000000114e+02 3.234820000000000000e+05
3.398583333333333485e+02 3.213260000000000000e+05
3.498541666666666856e+02 3.199200000000000000e+05
3.598500000000000227e+02 3.179020000000000000e+05
3.698458333333333599e+02 3.164770000000000000e+05
3.798416666666666970e+02 3.139930000000000000e+05
3.898375000000000341e+02 3.115550000000000000e+05
3.998333333333333712e+02 3.078770000000000000e+05
4.098291666666666515e+02 3.042620000000000000e+05
4.198249999999999886e+02 3.001180000000000000e+05
4.298208333333333258e+02 2.974600000000000000e+05
4.398166666666666629e+02 2.918730000000000000e+05
4.498125000000000000e+02 2.868380000000000000e+05
4.598083333333333371e+02 2.829880000000000000e+05
4.698041666666666742e+02 2.772740000000000000e+05
4.798000000000000114e+02 2.730070000000000000e+05
4.897958333333333485e+02 2.662950000000000000e+05
4.997916666666666856e+02 2.612160000000000000e+05
5.097875000000000227e+02 2.551310000000000000e+05
5.197833333333333030e+02 2.493340000000000000e+05
5.297791666666666970e+02 2.436660000000000000e+05
5.397749999999999773e+02 2.373210000000000000e+05
5.497708333333333712e+02 2.304850000000000000e+05
5.597666666666666515e+02 2.246080000000000000e+05
5.697625000000000455e+02 2.188100000000000000e+05
5.797583333333333258e+02 2.114990000000000000e+05
5.897541666666667197e+02 2.056990000000000000e+05
5.997500000000000000e+02 1.995580000000000000e+05
6.097458333333333940e+02 1.943340000000000000e+05
6.197416666666666742e+02 1.869240000000000000e+05
6.297375000000000682e+02 1.822490000000000000e+05
6.397333333333333485e+02 1.761440000000000000e+05
6.497291666666666288e+02 1.708670000000000000e+05
6.597250000000000227e+02 1.662430000000000000e+05
6.697208333333333030e+02 1.603020000000000000e+05
6.797166666666666970e+02 1.556390000000000000e+05
6.897124999999999773e+02 1.515070000000000000e+05
6.997083333333333712e+02 1.478760000000000000e+05
7.097041666666666515e+02 1.431590000000000000e+05
7.197000000000000455e+02 1.394650000000000000e+05
7.296958333333333258e+02 1.360990000000000000e+05
7.396916666666667197e+02 1.327870000000000000e+05
7.496875000000000000e+02 1.301700000000000000e+05
7.596833333333333940e+02 1.277670000000000000e+05
7.696791666666666742e+02 1.262190000000000000e+05
7.796750000000000682e+02 1.243720000000000000e+05
7.896708333333333485e+02 1.224010000000000000e+05
7.996666666666667425e+02 1.211640000000000000e+05
8.096625000000000227e+02 1.205080000000000000e+05
8.196583333333333030e+02 1.203710000000000000e+05
8.296541666666666970e+02 1.208460000000000000e+05
8.396499999999999773e+02 1.219410000000000000e+05
8.496458333333333712e+02 1.225260000000000000e+05
8.596416666666666515e+02 1.243710000000000000e+05
8.696375000000000455e+02 1.270230000000000000e+05
8.796333333333333258e+02 1.296570000000000000e+05
8.896291666666667197e+02 1.333800000000000000e+05
8.996250000000000000e+02 1.372790000000000000e+05
9.096208333333333940e+02 1.404140000000000000e+05
9.196166666666666742e+02 1.458030000000000000e+05
9.296125000000000682e+02 1.519310000000000000e+05
9.396083333333333485e+02 1.574380000000000000e+05
9.496041666666667425e+02 1.635940000000000000e+05
9.596000000000000227e+02 1.697660000000000000e+05
9.695958333333333030e+02 1.768270000000000000e+05
9.795916666666666970e+02 1.845790000000000000e+05
9.895874999999999773e+02 1.917280000000000000e+05
9.995833333333333712e+02 1.997590000000000000e+05
1.009579166666666652e+03 2.059450000000000000e+05
1.019575000000000045e+03 2.143560000000000000e+05
1.029570833333333439e+03 2.217670000000000000e+05
1.039566666666666606e+03 2.296490000000000000e+05
1.049562500000000000e+03 2.363370000000000000e+05
1.059558333333333394e+03 2.441690000000000000e+05
1.069554166666666788e+03 2.505070000000000000e+05
1.079549999999999955e+03 2.573870000000000000e+05
1.089545833333333348e+03 2.626330000000000000e+05
1.099541666666666742e+03 2.698220000000000000e+05
1.109537500000000136e+03 2.753900000000000000e+05
1.119533333333333303e+03 2.808650000000000000e+05
1.129529166666666697e+03 2.864870000000000000e+05
1.139525000000000091e+03 2.905890000000000000e+05
1.149520833333333258e+03 2.957770000000000000e+05
1.159516666666666652e+03 2.997300000000000000e+05
1.169512500000000045e+03 3.042270000000000000e+05
1.179508333333333439e+03 3.071070000000000000e+05
1.189504166666666606e+03 3.089440000000000000e+05
1.199500000000000000e+03 3.125400000000000000e+05
1.209495833333333394e+03 3.149860000000000000e+05
1.219491666666666788e+03 3.179270000000000000e+05
1.229487499999999955e+03 3.195990000000000000e+05
1.239483333333333348e+03 3.208720000000000000e+05
1.249479166666666742e+03 3.226090000000000000e+05
1.259475000000000136e+03 3.234790000000000000e+05
1.269470833333333303e+03 3.236390000000000000e+05
1.279466666666666697e+03 3.251460000000000000e+05
1.289462500000000091e+03 3.247670000000000000e+05
1.299458333333333258e+03 3.253930000000000000e+05
1.309454166666666652e+03 3.248410000000000000e+05
1.319450000000000045e+03 3.233230000000000000e+05
1.329445833333333439e+03 3.232390000000000000e+05
1.339441666666666606e+03 3.219350000000000000e+05
1.349437500000000000e+03 3.198190000000000000e+05
1.359433333333333394e+03 3.194690000000000000e+05
1.369429166666666788e+03 3.166330000000000000e+05
1.379424999999999955e+03 3.155080000000000000e+05
1.389420833333333348e+03 3.113140000000000000e+05
1.399416666666666742e+03 3.079620000000000000e+05
1.409412500000000136e+03 3.043340000000000000e+05
1.419408333333333303e+03 3.006740000000000000e+05
1.429404166666666697e+03 2.974000000000000000e+05
1.439400000000000091e+03 2.937360000000000000e+05
1.449395833333333258e+03 2.888530000000000000e+05
1.459391666666666652e+03 2.836370000000000000e+05
1.469387500000000045e+03 2.782280000000000000e+05
1.479383333333333439e+03 2.733230000000000000e+05
1.489379166666666606e+03 2.677280000000000000e+05
1.499375000000000000e+03 2.612810000000000000e+05
1.509370833333333394e+03 2.559790000000000000e+05
1.519366666666666788e+03 2.501030000000000000e+05
1.529362499999999955e+03 2.442080000000000000e+05
1.539358333333333348e+03 2.385430000000000000e+05
1.549354166666666742e+03 2.312610000000000000e+05
1.559350000000000136e+03 2.266580000000000000e+05
1.569345833333333303e+03 2.193330000000000000e+05
1.579341666666666697e+03 2.139680000000000000e+05
1.589337500000000091e+03 2.064260000000000000e+05
1.599333333333333485e+03 1.997650000000000000e+05
1.609329166666666652e+03 1.944090000000000000e+05
1.619325000000000045e+03 1.886410000000000000e+05
1.629320833333333439e+03 1.831500000000000000e+05
1.639316666666666606e+03 1.768950000000000000e+05
1.649312500000000000e+03 1.711070000000000000e+05
1.659308333333333394e+03 1.666050000000000000e+05
1.669304166666666788e+03 1.622600000000000000e+05
1.679299999999999955e+03 1.563540000000000000e+05
1.689295833333333348e+03 1.518640000000000000e+05
1.699291666666666742e+03 1.475230000000000000e+05
1.709287500000000136e+03 1.442610000000000000e+05
1.719283333333333303e+03 1.404790000000000000e+05
1.729279166666666697e+03 1.366860000000000000e+05
1.739275000000000091e+03 1.335050000000000000e+05
1.749270833333333485e+03 1.312130000000000000e+05
1.759266666666666652e+03 1.282810000000000000e+05
1.769262500000000045e+03 1.254290000000000000e+05
1.779258333333333439e+03 1.247620000000000000e+05
1.789254166666666606e+03 1.229730000000000000e+05
1.799250000000000000e+03 1.226140000000000000e+05
1.809245833333333394e+03 1.214900000000000000e+05
1.819241666666666788e+03 1.202440000000000000e+05
1.829237499999999955e+03 1.211980000000000000e+05
1.839233333333333348e+03 1.222410000000000000e+05
1.849229166666666742e+03 1.238050000000000000e+05
1.859225000000000136e+03 1.256920000000000000e+05
1.869220833333333303e+03 1.272860000000000000e+05
1.879216666666666697e+03 1.300760000000000000e+05
1.889212500000000091e+03 1.339370000000000000e+05
1.899208333333333485e+03 1.372630000000000000e+05
1.909204166666666652e+03 1.415010000000000000e+05
1.919200000000000045e+03 1.461970000000000000e+05
1.929195833333333439e+03 1.521730000000000000e+05
1.939191666666666606e+03 1.582780000000000000e+05
1.949187500000000000e+03 1.637860000000000000e+05
1.959183333333333394e+03 1.702350000000000000e+05
1.969179166666666788e+03 1.769680000000000000e+05
1.979174999999999955e+03 1.839200000000000000e+05
1.989170833333333348e+03 1.909660000000000000e+05
1.999166666666666742e+03 2.056600000000000000e+04
2.009162500000000136e+03 0.000000000000000000e+00
2.019158333333333303e+03 1.000000000000000000e+00
2.029154166666666697e+03 0.000000000000000000e+00
