0.000000000000000000e+00 1.990048000000000000e+06
1.250000000000000069e-02 1.994914000000000000e+06
2.500000000000000139e-02 1.992641000000000000e+06
3.750000000000000555e-02 1.991772000000000000e+06
5.000000000000000278e-02 1.991210000000000000e+06
6.250000000000000000e-02 1.991646000000000000e+06
7.500000000000001110e-02 1.991065000000000000e+06
8.750000000000000833e-02 1.989689000000000000e+06
1.000000000000000056e-01 1.989888000000000000e+06
1.125000000000000028e-01 1.990983000000000000e+06
1.250000000000000000e-01 1.990470000000000000e+06
1.375000000000000111e-01 1.989656000000000000e+06
1.500000000000000222e-01 1.991214000000000000e+06
1.625000000000000056e-01 1.991828000000000000e+06
1.750000000000000167e-01 1.989096000000000000e+06
1.875000000000000000e-01 1.992080000000000000e+06
2.000000000000000111e-01 1.990298000000000000e+06
2.125000000000000222e-01 1.991382000000000000e+06
2.250000000000000056e-01 1.989979000000000000e+06
2.375000000000000167e-01 1.991624000000000000e+06
2.500000000000000000e-01 1.990790000000000000e+06
2.625000000000000111e-01 1.990062000000000000e+06
2.750000000000000222e-01 1.989767000000000000e+06
2.875000000000000333e-01 1.989915000000000000e+06
3.000000000000000444e-01 1.986975000000000000e+06
3.125000000000000000e-01 1.989902000000000000e+06
3.250000000000000111e-01 1.990380000000000000e+06
3.375000000000000222e-01 1.990598000000000000e+06
3.500000000000000333e-01 1.990164000000000000e+06
3.625000000000000444e-01 1.988394000000000000e+06
3.750000000000000000e-01 1.988767000000000000e+06
3.875000000000000111e-01 1.989550000000000000e+06
4.000000000000000222e-01 1.988896000000000000e+06
4.125000000000000333e-01 1.988556000000000000e+06
4.250000000000000444e-01 1.991800000000000000e+06
4.375000000000000000e-01 1.989932000000000000e+06
4.500000000000000111e-01 1.989761000000000000e+06
4.625000000000000222e-01 1.989009000000000000e+06
4.750000000000000333e-01 1.987026000000000000e+06
4.875000000000000444e-01 1.990233000000000000e+06
5.000000000000000000e-01 1.988751000000000000e+06
5.125000000000000666e-01 1.988010000000000000e+06
5.250000000000000222e-01 1.990175000000000000e+06
5.374999999999999778e-01 1.988337000000000000e+06
5.500000000000000444e-01 1.989735000000000000e+06
5.625000000000000000e-01 1.990339000000000000e+06
5.750000000000000666e-01 1.987315000000000000e+06
5.875000000000000222e-01 1.988698000000000000e+06
6.000000000000000888e-01 1.990159000000000000e+06
6.125000000000000444e-01 1.988276000000000000e+06
6.250000000000000000e-01 1.988177000000000000e+06
6.375000000000000666e-01 1.989673000000000000e+06
6.500000000000000222e-01 1.988776000000000000e+06
6.625000000000000888e-01 1.988216000000000000e+06
6.750000000000000444e-01 1.985317000000000000e+06
6.875000000000000000e-01 1.981497000000000000e+06
7.000000000000000666e-01 1.996234000000000000e+06
7.125000000000000222e-01 1.988095000000000000e+06
7.250000000000000888e-01 1.984428000000000000e+06
7.375000000000000444e-01 1.989666000000000000e+06
7.500000000000000000e-01 1.989033000000000000e+06
7.625000000000000666e-01 1.988218000000000000e+06
7.750000000000000222e-01 1.990781000000000000e+06
7.875000000000000888e-01 1.990492000000000000e+06
8.000000000000000444e-01 1.991708000000000000e+06
8.125000000000000000e-01 1.990180000000000000e+06
8.250000000000000666e-01 1.991428000000000000e+06
8.375000000000000222e-01 1.990199000000000000e+06
8.500000000000000888e-01 1.991379000000000000e+06
8.625000000000000444e-01 1.989351000000000000e+06
8.750000000000000000e-01 1.989202000000000000e+06
8.875000000000000666e-01 1.985438000000000000e+06
9.000000000000000222e-01 1.991998000000000000e+06
9.125000000000000888e-01 1.990720000000000000e+06
9.250000000000000444e-01 1.987405000000000000e+06
9.375000000000000000e-01 1.991382000000000000e+06
9.500000000000000666e-01 1.988188000000000000e+06
9.625000000000000222e-01 1.991219000000000000e+06
9.750000000000000888e-01 1.988223000000000000e+06
9.875000000000000444e-01 1.993284000000000000e+06
1.000000000000000000e+00 1.992236000000000000e+06
1.012499999999999956e+00 1.990718000000000000e+06
1.025000000000000133e+00 1.991064000000000000e+06
1.037500000000000089e+00 1.989946000000000000e+06
1.050000000000000044e+00 1.991263000000000000e+06
1.062500000000000000e+00 1.988924000000000000e+06
1.074999999999999956e+00 1.990322000000000000e+06
1.087500000000000133e+00 1.991813000000000000e+06
1.100000000000000089e+00 1.989281000000000000e+06
1.112500000000000044e+00 1.989622000000000000e+06
1.125000000000000000e+00 1.993532000000000000e+06
1.137499999999999956e+00 1.990819000000000000e+06
1.150000000000000133e+00 1.993437000000000000e+06
1.162500000000000089e+00 1.991660000000000000e+06
1.175000000000000044e+00 1.992651000000000000e+06
1.187500000000000000e+00 1.991659000000000000e+06
1.200000000000000178e+00 1.992401000000000000e+06
1.212500000000000133e+00 1.990981000000000000e+06
1.225000000000000089e+00 1.990608000000000000e+06
1.237500000000000044e+00 1.991315000000000000e+06
1.250000000000000000e+00 1.988964000000000000e+06
1.262500000000000178e+00 1.991190000000000000e+06
1.275000000000000133e+00 1.990439000000000000e+06
1.287500000000000089e+00 1.988955000000000000e+06
1.300000000000000044e+00 1.992445000000000000e+06
1.312500000000000000e+00 1.993652000000000000e+06
1.325000000000000178e+00 1.990997000000000000e+06
1.337500000000000133e+00 1.993031000000000000e+06
1.350000000000000089e+00 1.992777000000000000e+06
1.362500000000000044e+00 1.990446000000000000e+06
1.375000000000000000e+00 1.992441000000000000e+06
1.387500000000000178e+00 1.990528000000000000e+06
1.400000000000000133e+00 1.990338000000000000e+06
1.412500000000000089e+00 1.995345000000000000e+06
1.425000000000000044e+00 1.992964000000000000e+06
1.437500000000000000e+00 1.993643000000000000e+06
1.450000000000000178e+00 1.988719000000000000e+06
1.462500000000000133e+00 1.987389000000000000e+06
1.475000000000000089e+00 1.995645000000000000e+06
1.487500000000000044e+00 1.990455000000000000e+06
1.500000000000000000e+00 1.992040000000000000e+06
1.512500000000000178e+00 1.992104000000000000e+06
1.525000000000000133e+00 1.994811000000000000e+06
1.537500000000000089e+00 1.989753000000000000e+06
1.550000000000000044e+00 1.991921000000000000e+06
1.562500000000000000e+00 1.988580000000000000e+06
1.575000000000000178e+00 1.989035000000000000e+06
1.587500000000000133e+00 1.989137000000000000e+06
1.600000000000000089e+00 1.989992000000000000e+06
1.612500000000000044e+00 1.992004000000000000e+06
1.625000000000000000e+00 1.990916000000000000e+06
1.637500000000000178e+00 1.991209000000000000e+06
1.650000000000000133e+00 1.990416000000000000e+06
1.662500000000000089e+00 1.993646000000000000e+06
1.675000000000000044e+00 1.989717000000000000e+06
1.687500000000000000e+00 1.992281000000000000e+06
1.700000000000000178e+00 1.989171000000000000e+06
1.712500000000000133e+00 1.990178000000000000e+06
1.725000000000000089e+00 1.988974000000000000e+06
1.737500000000000044e+00 1.988725000000000000e+06
1.750000000000000000e+00 1.991038000000000000e+06
1.762500000000000178e+00 1.990932000000000000e+06
1.775000000000000133e+00 1.988269000000000000e+06
1.787500000000000089e+00 1.991608000000000000e+06
1.800000000000000044e+00 1.990460000000000000e+06
1.812500000000000000e+00 1.988227000000000000e+06
1.825000000000000178e+00 1.990138000000000000e+06
1.837500000000000133e+00 1.990867000000000000e+06
1.850000000000000089e+00 1.990506000000000000e+06
1.862500000000000044e+00 1.989164000000000000e+06
1.875000000000000000e+00 1.988511000000000000e+06
1.887500000000000178e+00 1.990083000000000000e+06
1.900000000000000133e+00 1.989415000000000000e+06
1.912500000000000089e+00 1.989008000000000000e+06
1.925000000000000044e+00 1.986092000000000000e+06
1.937500000000000000e+00 1.987251000000000000e+06
1.950000000000000178e+00 1.989662000000000000e+06
1.962500000000000133e+00 1.990500000000000000e+06
1.975000000000000089e+00 1.992552000000000000e+06
1.987500000000000044e+00 1.989003000000000000e+06
2.000000000000000000e+00 1.989748000000000000e+06
2.012500000000000178e+00 1.988034000000000000e+06
2.024999999999999911e+00 1.989452000000000000e+06
2.037500000000000089e+00 1.987024000000000000e+06
2.050000000000000266e+00 1.987868000000000000e+06
2.062500000000000000e+00 1.987781000000000000e+06
2.075000000000000178e+00 1.989880000000000000e+06
2.087499999999999911e+00 1.990452000000000000e+06
2.100000000000000089e+00 1.989499000000000000e+06
2.112500000000000266e+00 1.984048000000000000e+06
2.125000000000000000e+00 1.997469000000000000e+06
2.137500000000000178e+00 1.984439000000000000e+06
2.149999999999999911e+00 1.986512000000000000e+06
2.162500000000000089e+00 1.991714000000000000e+06
2.175000000000000266e+00 1.991813000000000000e+06
2.187500000000000000e+00 1.988060000000000000e+06
2.200000000000000178e+00 1.990852000000000000e+06
2.212499999999999911e+00 1.991830000000000000e+06
2.225000000000000089e+00 1.990869000000000000e+06
2.237500000000000266e+00 1.989909000000000000e+06
2.250000000000000000e+00 1.990192000000000000e+06
2.262500000000000178e+00 1.988286000000000000e+06
2.274999999999999911e+00 1.989084000000000000e+06
2.287500000000000089e+00 1.991065000000000000e+06
2.300000000000000266e+00 1.987817000000000000e+06
2.312500000000000000e+00 1.987839000000000000e+06
2.325000000000000178e+00 1.988033000000000000e+06
2.337499999999999911e+00 1.990201000000000000e+06
2.350000000000000089e+00 1.992032000000000000e+06
2.362500000000000266e+00 1.988564000000000000e+06
2.375000000000000000e+00 1.989890000000000000e+06
2.387500000000000178e+00 1.992175000000000000e+06
2.400000000000000355e+00 1.993366000000000000e+06
2.412500000000000089e+00 1.989773000000000000e+06
2.425000000000000266e+00 1.991393000000000000e+06
2.437500000000000000e+00 1.993664000000000000e+06
2.450000000000000178e+00 1.991962000000000000e+06
2.462500000000000355e+00 1.991873000000000000e+06
2.475000000000000089e+00 1.991567000000000000e+06
2.487500000000000266e+00 1.989603000000000000e+06
2.500000000000000000e+00 1.990829000000000000e+06
2.512500000000000178e+00 1.991059000000000000e+06
2.525000000000000355e+00 1.989451000000000000e+06
2.537500000000000089e+00 1.991015000000000000e+06
