0.000000000000000000e+00 9.231200000000000000e+05
1.000000000000000056e-01 9.218680000000000000e+05
2.000000000000000111e-01 9.235260000000000000e+05
3.000000000000000444e-01 9.237300000000000000e+05
4.000000000000000222e-01 9.230110000000000000e+05
5.000000000000000000e-01 9.217350000000000000e+05
6.000000000000000888e-01 9.241820000000000000e+05
7.000000000000000666e-01 9.247100000000000000e+05
8.000000000000000444e-01 9.220610000000000000e+05
9.000000000000000222e-01 9.241940000000000000e+05
1.000000000000000000e+00 9.245860000000000000e+05
1.100000000000000089e+00 9.238790000000000000e+05
1.200000000000000178e+00 9.233370000000000000e+05
1.300000000000000044e+00 9.239160000000000000e+05
1.400000000000000133e+00 9.239260000000000000e+05
1.500000000000000000e+00 9.244760000000000000e+05
1.600000000000000089e+00 9.237370000000000000e+05
1.700000000000000178e+00 9.233450000000000000e+05
1.800000000000000044e+00 9.237330000000000000e+05
1.900000000000000133e+00 9.237790000000000000e+05
2.000000000000000000e+00 9.260510000000000000e+05
2.100000000000000089e+00 9.237510000000000000e+05
2.200000000000000178e+00 9.246010000000000000e+05
2.300000000000000266e+00 9.243730000000000000e+05
2.400000000000000355e+00 9.236290000000000000e+05
2.500000000000000000e+00 9.220690000000000000e+05
2.600000000000000089e+00 9.252470000000000000e+05
2.700000000000000178e+00 9.246560000000000000e+05
2.800000000000000266e+00 9.255120000000000000e+05
2.900000000000000355e+00 9.248380000000000000e+05
3.000000000000000000e+00 9.263060000000000000e+05
3.100000000000000089e+00 9.250510000000000000e+05
3.200000000000000178e+00 9.254100000000000000e+05
3.300000000000000266e+00 9.250340000000000000e+05
3.400000000000000355e+00 9.254710000000000000e+05
3.500000000000000000e+00 9.250330000000000000e+05
3.600000000000000089e+00 9.265240000000000000e+05
3.700000000000000178e+00 9.244160000000000000e+05
3.800000000000000266e+00 9.252590000000000000e+05
3.900000000000000355e+00 9.253400000000000000e+05
4.000000000000000000e+00 9.250120000000000000e+05
4.100000000000000533e+00 9.266490000000000000e+05
4.200000000000000178e+00 9.249480000000000000e+05
4.299999999999999822e+00 9.243060000000000000e+05
4.400000000000000355e+00 9.246210000000000000e+05
4.500000000000000000e+00 9.256300000000000000e+05
4.600000000000000533e+00 9.257650000000000000e+05
4.700000000000000178e+00 9.261480000000000000e+05
4.800000000000000711e+00 9.275920000000000000e+05
4.900000000000000355e+00 9.252820000000000000e+05
5.000000000000000000e+00 9.259110000000000000e+05
5.100000000000000533e+00 9.262000000000000000e+05
5.200000000000000178e+00 9.251180000000000000e+05
5.300000000000000711e+00 9.264630000000000000e+05
5.400000000000000355e+00 9.253030000000000000e+05
5.500000000000000000e+00 9.255390000000000000e+05
5.600000000000000533e+00 9.241400000000000000e+05
5.700000000000000178e+00 9.272510000000000000e+05
5.800000000000000711e+00 9.272120000000000000e+05
5.900000000000000355e+00 9.252610000000000000e+05
6.000000000000000000e+00 9.250260000000000000e+05
6.100000000000000533e+00 9.256750000000000000e+05
6.200000000000000178e+00 9.246990000000000000e+05
6.300000000000000711e+00 9.270050000000000000e+05
6.400000000000000355e+00 9.265070000000000000e+05
6.500000000000000000e+00 9.255790000000000000e+05
6.600000000000000533e+00 9.266090000000000000e+05
6.700000000000000178e+00 9.248330000000000000e+05
6.800000000000000711e+00 9.250850000000000000e+05
6.900000000000000355e+00 9.260040000000000000e+05
7.000000000000000000e+00 9.244260000000000000e+05
7.100000000000000533e+00 9.258610000000000000e+05
7.200000000000000178e+00 9.254080000000000000e+05
7.300000000000000711e+00 9.237940000000000000e+05
7.400000000000000355e+00 9.264450000000000000e+05
7.500000000000000000e+00 9.249320000000000000e+05
7.600000000000000533e+00 9.254300000000000000e+05
7.700000000000000178e+00 9.242280000000000000e+05
7.800000000000000711e+00 9.255830000000000000e+05
7.900000000000000355e+00 9.242120000000000000e+05
8.000000000000000000e+00 9.246010000000000000e+05
8.099999999999999645e+00 9.241480000000000000e+05
8.200000000000001066e+00 9.243070000000000000e+05
8.300000000000000711e+00 9.239870000000000000e+05
8.400000000000000355e+00 9.236290000000000000e+05
8.500000000000000000e+00 9.254900000000000000e+05
8.599999999999999645e+00 9.221990000000000000e+05
8.700000000000001066e+00 9.236450000000000000e+05
8.800000000000000711e+00 9.241450000000000000e+05
8.900000000000000355e+00 9.230490000000000000e+05
9.000000000000000000e+00 9.243360000000000000e+05
9.099999999999999645e+00 9.225300000000000000e+05
9.200000000000001066e+00 9.231780000000000000e+05
9.300000000000000711e+00 9.239020000000000000e+05
9.400000000000000355e+00 9.247940000000000000e+05
9.500000000000000000e+00 9.237310000000000000e+05
9.600000000000001421e+00 9.239800000000000000e+05
9.700000000000001066e+00 9.246670000000000000e+05
9.800000000000000711e+00 9.255410000000000000e+05
9.900000000000000355e+00 9.217800000000000000e+05
1.000000000000000000e+01 9.243680000000000000e+05
1.010000000000000142e+01 9.232710000000000000e+05
1.020000000000000107e+01 9.218240000000000000e+05
1.030000000000000071e+01 9.219560000000000000e+05
1.040000000000000036e+01 9.236600000000000000e+05
1.050000000000000000e+01 9.234450000000000000e+05
1.060000000000000142e+01 9.243670000000000000e+05
1.070000000000000107e+01 9.235850000000000000e+05
1.080000000000000071e+01 9.230200000000000000e+05
1.090000000000000036e+01 9.221040000000000000e+05
1.100000000000000000e+01 9.228850000000000000e+05
1.110000000000000142e+01 9.232770000000000000e+05
1.120000000000000107e+01 9.220730000000000000e+05
1.130000000000000071e+01 9.212010000000000000e+05
1.140000000000000036e+01 9.224220000000000000e+05
1.150000000000000000e+01 9.235820000000000000e+05
1.160000000000000142e+01 9.232570000000000000e+05
1.170000000000000107e+01 9.238090000000000000e+05
1.180000000000000071e+01 9.234760000000000000e+05
1.190000000000000036e+01 9.232000000000000000e+05
1.200000000000000000e+01 9.243630000000000000e+05
1.210000000000000142e+01 9.222340000000000000e+05
1.220000000000000107e+01 9.247680000000000000e+05
1.230000000000000071e+01 9.254820000000000000e+05
1.240000000000000036e+01 9.243150000000000000e+05
1.250000000000000000e+01 9.229250000000000000e+05
1.260000000000000142e+01 9.264770000000000000e+05
1.270000000000000107e+01 9.213960000000000000e+05
1.280000000000000071e+01 9.250650000000000000e+05
1.290000000000000036e+01 9.252110000000000000e+05
1.300000000000000000e+01 9.244620000000000000e+05
1.310000000000000142e+01 9.250960000000000000e+05
1.320000000000000107e+01 9.229170000000000000e+05
1.330000000000000071e+01 9.251260000000000000e+05
1.340000000000000036e+01 9.256520000000000000e+05
1.350000000000000000e+01 9.253520000000000000e+05
1.360000000000000142e+01 9.246290000000000000e+05
1.370000000000000107e+01 9.256690000000000000e+05
1.380000000000000071e+01 9.236550000000000000e+05
1.390000000000000036e+01 9.248900000000000000e+05
1.400000000000000000e+01 9.249590000000000000e+05
1.410000000000000142e+01 9.265250000000000000e+05
1.420000000000000107e+01 9.247150000000000000e+05
1.430000000000000071e+01 9.272140000000000000e+05
1.440000000000000036e+01 9.250980000000000000e+05
1.450000000000000000e+01 9.261100000000000000e+05
1.460000000000000142e+01 9.239880000000000000e+05
1.470000000000000107e+01 9.275960000000000000e+05
1.480000000000000071e+01 9.249760000000000000e+05
1.490000000000000036e+01 9.248270000000000000e+05
1.500000000000000000e+01 9.266990000000000000e+05
1.510000000000000142e+01 9.249910000000000000e+05
1.520000000000000107e+01 9.257230000000000000e+05
1.530000000000000071e+01 9.271890000000000000e+05
1.540000000000000036e+01 9.268070000000000000e+05
1.550000000000000000e+01 9.262460000000000000e+05
1.560000000000000142e+01 9.242090000000000000e+05
1.570000000000000107e+01 9.258280000000000000e+05
1.580000000000000071e+01 9.261360000000000000e+05
1.590000000000000036e+01 9.262170000000000000e+05
1.600000000000000000e+01 9.255190000000000000e+05
1.610000000000000142e+01 9.271300000000000000e+05
1.619999999999999929e+01 9.262180000000000000e+05
1.630000000000000071e+01 9.261700000000000000e+05
1.640000000000000213e+01 9.247830000000000000e+05
1.650000000000000000e+01 9.248390000000000000e+05
1.660000000000000142e+01 9.251400000000000000e+05
1.669999999999999929e+01 9.274180000000000000e+05
1.680000000000000071e+01 9.258420000000000000e+05
1.690000000000000213e+01 9.250740000000000000e+05
1.700000000000000000e+01 9.236430000000000000e+05
1.710000000000000142e+01 9.270090000000000000e+05
1.719999999999999929e+01 9.243700000000000000e+05
1.730000000000000071e+01 9.244450000000000000e+05
1.740000000000000213e+01 9.236280000000000000e+05
1.750000000000000000e+01 9.238460000000000000e+05
1.760000000000000142e+01 9.263030000000000000e+05
1.769999999999999929e+01 9.256940000000000000e+05
1.780000000000000071e+01 9.240410000000000000e+05
1.790000000000000213e+01 9.240180000000000000e+05
1.800000000000000000e+01 9.240810000000000000e+05
1.810000000000000142e+01 9.247970000000000000e+05
1.819999999999999929e+01 9.244920000000000000e+05
1.830000000000000071e+01 9.261120000000000000e+05
1.840000000000000213e+01 9.221340000000000000e+05
1.850000000000000000e+01 9.246470000000000000e+05
1.860000000000000142e+01 9.236900000000000000e+05
1.869999999999999929e+01 9.243000000000000000e+05
1.880000000000000071e+01 9.236690000000000000e+05
1.890000000000000213e+01 9.235520000000000000e+05
1.900000000000000000e+01 9.243180000000000000e+05
1.910000000000000142e+01 9.246280000000000000e+05
1.920000000000000284e+01 9.221710000000000000e+05
1.930000000000000071e+01 9.234230000000000000e+05
1.940000000000000213e+01 9.244790000000000000e+05
1.950000000000000000e+01 9.236820000000000000e+05
1.960000000000000142e+01 9.224980000000000000e+05
1.970000000000000284e+01 9.232560000000000000e+05
1.980000000000000071e+01 9.227940000000000000e+05
1.990000000000000213e+01 9.228240000000000000e+05
2.000000000000000000e+01 2.045300000000000000e+04
