0.000000000000000000e+00 2.657264000000000000e+06
9.958333333333333481e-01 2.659559000000000000e+06
1.991666666666666696e+00 2.662050000000000000e+06
2.987499999999999822e+00 2.666355000000000000e+06
3.983333333333333393e+00 2.669632000000000000e+06
4.979166666666666963e+00 2.676708000000000000e+06
5.974999999999999645e+00 2.676620000000000000e+06
6.970833333333333215e+00 2.685904000000000000e+06
7.966666666666666785e+00 2.691580000000000000e+06
8.962500000000000355e+00 2.694636000000000000e+06
9.958333333333333925e+00 2.702481000000000000e+06
1.095416666666666750e+01 2.714673000000000000e+06
1.194999999999999929e+01 2.719422000000000000e+06
1.294583333333333286e+01 2.728728000000000000e+06
1.394166666666666643e+01 2.738307000000000000e+06
1.493750000000000000e+01 2.745232000000000000e+06
1.593333333333333357e+01 2.754063000000000000e+06
1.692916666666666714e+01 2.765209000000000000e+06
1.792500000000000071e+01 2.775845000000000000e+06
1.892083333333333428e+01 2.785257000000000000e+06
1.991666666666666785e+01 2.793656000000000000e+06
2.091250000000000142e+01 2.805666000000000000e+06
2.190833333333333499e+01 2.818341000000000000e+06
2.290416666666666856e+01 2.827388000000000000e+06
2.389999999999999858e+01 2.835003000000000000e+06
2.489583333333333215e+01 2.848353000000000000e+06
2.589166666666666572e+01 2.861145000000000000e+06
2.688749999999999929e+01 2.868814000000000000e+06
2.788333333333333286e+01 2.879814000000000000e+06
2.887916666666666643e+01 2.887846000000000000e+06
2.987500000000000000e+01 2.900416000000000000e+06
3.087083333333333357e+01 2.909065000000000000e+06
3.186666666666666714e+01 2.920366000000000000e+06
3.286249999999999716e+01 2.926924000000000000e+06
3.385833333333333428e+01 2.933293000000000000e+06
3.485416666666666430e+01 2.944660000000000000e+06
3.585000000000000142e+01 2.950976000000000000e+06
3.684583333333333144e+01 2.960913000000000000e+06
3.784166666666666856e+01 2.970788000000000000e+06
3.883749999999999858e+01 2.970774000000000000e+06
3.983333333333333570e+01 2.980826000000000000e+06
4.082916666666666572e+01 2.985737000000000000e+06
4.182500000000000284e+01 2.990178000000000000e+06
4.282083333333333286e+01 2.991847000000000000e+06
4.381666666666666998e+01 2.997697000000000000e+06
4.481250000000000000e+01 3.000150000000000000e+06
4.580833333333333712e+01 3.001688000000000000e+06
4.680416666666666714e+01 3.003966000000000000e+06
4.779999999999999716e+01 3.002827000000000000e+06
4.879583333333333428e+01 3.004287000000000000e+06
4.979166666666666430e+01 3.001900000000000000e+06
5.078750000000000142e+01 3.001630000000000000e+06
5.178333333333333144e+01 3.000912000000000000e+06
5.277916666666666856e+01 2.994596000000000000e+06
5.377499999999999858e+01 2.991125000000000000e+06
5.477083333333333570e+01 2.986293000000000000e+06
5.576666666666666572e+01 2.983126000000000000e+06
5.676250000000000284e+01 2.978888000000000000e+06
5.775833333333333286e+01 2.968036000000000000e+06
5.875416666666666998e+01 2.965091000000000000e+06
5.975000000000000000e+01 2.960448000000000000e+06
6.074583333333333712e+01 2.950965000000000000e+06
6.174166666666666714e+01 2.941703000000000000e+06
6.273750000000000426e+01 2.934397000000000000e+06
6.373333333333333428e+01 2.926201000000000000e+06
6.472916666666667140e+01 2.916361000000000000e+06
6.572499999999999432e+01 2.907602000000000000e+06
6.672083333333333144e+01 2.897344000000000000e+06
6.771666666666666856e+01 2.886711000000000000e+06
6.871250000000000568e+01 2.877890000000000000e+06
6.970833333333332860e+01 2.866378000000000000e+06
7.070416666666666572e+01 2.854917000000000000e+06
7.170000000000000284e+01 2.846246000000000000e+06
7.269583333333333997e+01 2.836080000000000000e+06
7.369166666666666288e+01 2.826327000000000000e+06
7.468750000000000000e+01 2.814913000000000000e+06
7.568333333333333712e+01 2.805445000000000000e+06
7.667916666666667425e+01 2.793270000000000000e+06
7.767499999999999716e+01 2.783867000000000000e+06
7.867083333333333428e+01 2.771941000000000000e+06
7.966666666666667140e+01 2.761016000000000000e+06
8.066249999999999432e+01 2.752551000000000000e+06
8.165833333333333144e+01 2.746712000000000000e+06
8.265416666666666856e+01 2.735938000000000000e+06
8.365000000000000568e+01 2.725154000000000000e+06
8.464583333333332860e+01 2.716627000000000000e+06
8.564166666666666572e+01 2.709537000000000000e+06
8.663750000000000284e+01 2.701044000000000000e+06
8.763333333333333997e+01 2.694397000000000000e+06
8.862916666666666288e+01 2.684795000000000000e+06
8.962500000000000000e+01 2.680403000000000000e+06
9.062083333333333712e+01 2.674959000000000000e+06
9.161666666666667425e+01 2.670676000000000000e+06
9.261249999999999716e+01 2.669460000000000000e+06
9.360833333333333428e+01 2.665874000000000000e+06
9.460416666666667140e+01 2.661149000000000000e+06
9.559999999999999432e+01 2.658805000000000000e+06
9.659583333333333144e+01 2.655152000000000000e+06
9.759166666666666856e+01 2.657170000000000000e+06
9.858750000000000568e+01 2.656384000000000000e+06
9.958333333333332860e+01 2.656187000000000000e+06
1.005791666666666657e+02 2.658955000000000000e+06
1.015750000000000028e+02 2.661201000000000000e+06
1.025708333333333400e+02 2.662627000000000000e+06
1.035666666666666629e+02 2.666702000000000000e+06
1.045625000000000000e+02 2.668306000000000000e+06
1.055583333333333371e+02 2.674967000000000000e+06
1.065541666666666742e+02 2.683006000000000000e+06
1.075499999999999972e+02 2.690621000000000000e+06
1.085458333333333343e+02 2.694093000000000000e+06
1.095416666666666714e+02 2.700200000000000000e+06
1.105375000000000085e+02 2.708554000000000000e+06
1.115333333333333314e+02 2.713899000000000000e+06
1.125291666666666686e+02 2.724302000000000000e+06
1.135250000000000057e+02 2.734827000000000000e+06
1.145208333333333286e+02 2.742476000000000000e+06
1.155166666666666657e+02 2.751774000000000000e+06
1.165125000000000028e+02 2.757849000000000000e+06
1.175083333333333400e+02 2.765334000000000000e+06
1.185041666666666629e+02 2.780359000000000000e+06
1.195000000000000000e+02 2.789248000000000000e+06
1.204958333333333371e+02 2.800697000000000000e+06
1.214916666666666742e+02 2.812191000000000000e+06
1.224874999999999972e+02 2.822158000000000000e+06
1.234833333333333343e+02 2.833676000000000000e+06
1.244791666666666714e+02 2.837863000000000000e+06
1.254750000000000085e+02 2.849921000000000000e+06
1.264708333333333314e+02 2.860768000000000000e+06
1.274666666666666686e+02 2.876024000000000000e+06
1.284625000000000057e+02 2.883062000000000000e+06
1.294583333333333428e+02 2.894078000000000000e+06
1.304541666666666799e+02 2.901263000000000000e+06
1.314499999999999886e+02 2.914637000000000000e+06
1.324458333333333258e+02 2.922454000000000000e+06
1.334416666666666629e+02 2.932801000000000000e+06
1.344375000000000000e+02 2.940849000000000000e+06
1.354333333333333371e+02 2.949673000000000000e+06
1.364291666666666742e+02 2.955719000000000000e+06
1.374250000000000114e+02 2.961661000000000000e+06
1.384208333333333485e+02 2.973137000000000000e+06
1.394166666666666572e+02 2.977221000000000000e+06
1.404124999999999943e+02 2.981459000000000000e+06
1.414083333333333314e+02 2.984260000000000000e+06
1.424041666666666686e+02 2.991497000000000000e+06
1.434000000000000057e+02 2.997371000000000000e+06
1.443958333333333428e+02 2.996521000000000000e+06
1.453916666666666799e+02 2.999176000000000000e+06
1.463874999999999886e+02 3.002256000000000000e+06
1.473833333333333258e+02 3.005113000000000000e+06
1.483791666666666629e+02 3.005284000000000000e+06
1.493750000000000000e+02 3.005761000000000000e+06
1.503708333333333371e+02 3.000448000000000000e+06
1.513666666666666742e+02 2.998988000000000000e+06
1.523625000000000114e+02 2.995908000000000000e+06
1.533583333333333485e+02 2.994712000000000000e+06
1.543541666666666572e+02 2.989215000000000000e+06
1.553499999999999943e+02 2.984892000000000000e+06
1.563458333333333314e+02 2.982398000000000000e+06
1.573416666666666686e+02 2.973180000000000000e+06
1.583375000000000057e+02 2.969200000000000000e+06
1.593333333333333428e+02 2.958953000000000000e+06
1.603291666666666799e+02 2.959999000000000000e+06
1.613249999999999886e+02 2.946925000000000000e+06
1.623208333333333258e+02 2.935792000000000000e+06
1.633166666666666629e+02 2.927597000000000000e+06
1.643125000000000000e+02 2.923523000000000000e+06
1.653083333333333371e+02 2.912848000000000000e+06
1.663041666666666742e+02 2.901664000000000000e+06
1.673000000000000114e+02 2.893873000000000000e+06
1.682958333333333485e+02 2.882049000000000000e+06
1.692916666666666572e+02 2.872502000000000000e+06
1.702874999999999943e+02 2.860961000000000000e+06
1.712833333333333314e+02 2.850307000000000000e+06
1.722791666666666686e+02 2.841507000000000000e+06
1.732750000000000057e+02 2.834395000000000000e+06
1.742708333333333428e+02 2.821503000000000000e+06
1.752666666666666799e+02 2.811522000000000000e+06
1.762624999999999886e+02 2.798134000000000000e+06
1.772583333333333258e+02 2.788099000000000000e+06
1.782541666666666629e+02 2.778681000000000000e+06
1.792500000000000000e+02 2.769266000000000000e+06
1.802458333333333371e+02 2.759349000000000000e+06
1.812416666666666742e+02 2.748127000000000000e+06
1.822375000000000114e+02 2.737123000000000000e+06
1.832333333333333485e+02 2.728738000000000000e+06
1.842291666666666572e+02 2.721201000000000000e+06
1.852249999999999943e+02 2.712455000000000000e+06
1.862208333333333314e+02 2.705766000000000000e+06
1.872166666666666686e+02 2.699939000000000000e+06
1.882125000000000057e+02 2.693795000000000000e+06
1.892083333333333428e+02 2.686987000000000000e+06
1.902041666666666799e+02 2.677806000000000000e+06
1.911999999999999886e+02 2.674477000000000000e+06
1.921958333333333258e+02 2.667123000000000000e+06
1.931916666666666629e+02 2.665128000000000000e+06
1.941875000000000000e+02 2.663182000000000000e+06
1.951833333333333371e+02 2.660161000000000000e+06
1.961791666666666742e+02 2.658654000000000000e+06
1.971750000000000114e+02 2.657069000000000000e+06
1.981708333333333485e+02 2.657809000000000000e+06
