0.000000000000000000e+00 2.521780000000000000e+06
1.416666666666666630e-01 2.520061000000000000e+06
2.833333333333333259e-01 2.524810000000000000e+06
4.249999999999999889e-01 2.524565000000000000e+06
5.666666666666666519e-01 2.523836000000000000e+06
7.083333333333332593e-01 2.519896000000000000e+06
8.499999999999999778e-01 2.525231000000000000e+06
9.916666666666666963e-01 2.523099000000000000e+06
1.133333333333333304e+00 2.527360000000000000e+06
1.274999999999999911e+00 2.525268000000000000e+06
1.416666666666666519e+00 2.527428000000000000e+06
1.558333333333333348e+00 2.525837000000000000e+06
1.699999999999999956e+00 2.531068000000000000e+06
1.841666666666666563e+00 2.524399000000000000e+06
1.983333333333333393e+00 2.526798000000000000e+06
2.125000000000000000e+00 2.527766000000000000e+06
2.266666666666666607e+00 2.528101000000000000e+06
2.408333333333333215e+00 2.527456000000000000e+06
2.549999999999999822e+00 2.527484000000000000e+06
2.691666666666666430e+00 2.529936000000000000e+06
2.833333333333333037e+00 2.526513000000000000e+06
2.975000000000000089e+00 2.534967000000000000e+06
3.116666666666666696e+00 2.529848000000000000e+06
3.258333333333333304e+00 2.534831000000000000e+06
3.399999999999999911e+00 2.531542000000000000e+06
3.541666666666666519e+00 2.533539000000000000e+06
3.683333333333333126e+00 2.533719000000000000e+06
3.824999999999999734e+00 2.536489000000000000e+06
3.966666666666666785e+00 2.537579000000000000e+06
4.108333333333333393e+00 2.537911000000000000e+06
4.250000000000000000e+00 2.537497000000000000e+06
4.391666666666666607e+00 2.535728000000000000e+06
4.533333333333333215e+00 2.538217000000000000e+06
4.674999999999999822e+00 2.535860000000000000e+06
4.816666666666666430e+00 2.540391000000000000e+06
4.958333333333333037e+00 2.542704000000000000e+06
5.099999999999999645e+00 2.541341000000000000e+06
5.241666666666666252e+00 2.543826000000000000e+06
5.383333333333332860e+00 2.541280000000000000e+06
5.524999999999999467e+00 2.543172000000000000e+06
5.666666666666666075e+00 2.541946000000000000e+06
5.808333333333333570e+00 2.543976000000000000e+06
5.950000000000000178e+00 2.544310000000000000e+06
6.091666666666666785e+00 2.543132000000000000e+06
6.233333333333333393e+00 2.546737000000000000e+06
6.375000000000000000e+00 2.546830000000000000e+06
6.516666666666666607e+00 2.548563000000000000e+06
6.658333333333333215e+00 2.545025000000000000e+06
6.799999999999999822e+00 2.548779000000000000e+06
6.941666666666666430e+00 2.546934000000000000e+06
7.083333333333333037e+00 2.543760000000000000e+06
7.224999999999999645e+00 2.552891000000000000e+06
7.366666666666666252e+00 2.546904000000000000e+06
7.508333333333332860e+00 2.547974000000000000e+06
7.649999999999999467e+00 2.546628000000000000e+06
7.791666666666666075e+00 2.546187000000000000e+06
7.933333333333333570e+00 2.547000000000000000e+06
8.074999999999999289e+00 2.546775000000000000e+06
8.216666666666666785e+00 2.548347000000000000e+06
8.358333333333332504e+00 2.542442000000000000e+06
8.500000000000000000e+00 2.545395000000000000e+06
8.641666666666665719e+00 2.544498000000000000e+06
8.783333333333333215e+00 2.544819000000000000e+06
8.924999999999998934e+00 2.545695000000000000e+06
9.066666666666666430e+00 2.545510000000000000e+06
9.208333333333333925e+00 2.542184000000000000e+06
9.349999999999999645e+00 2.543300000000000000e+06
9.491666666666667140e+00 2.542653000000000000e+06
9.633333333333332860e+00 2.543234000000000000e+06
9.775000000000000355e+00 2.541816000000000000e+06
9.916666666666666075e+00 2.539391000000000000e+06
1.005833333333333357e+01 2.537436000000000000e+06
1.019999999999999929e+01 2.538325000000000000e+06
1.034166666666666679e+01 2.537555000000000000e+06
1.048333333333333250e+01 2.536404000000000000e+06
1.062500000000000000e+01 2.536214000000000000e+06
1.076666666666666572e+01 2.533851000000000000e+06
1.090833333333333321e+01 2.536481000000000000e+06
1.104999999999999893e+01 2.533229000000000000e+06
1.119166666666666643e+01 2.534415000000000000e+06
1.133333333333333215e+01 2.532516000000000000e+06
1.147499999999999964e+01 2.535411000000000000e+06
1.161666666666666714e+01 2.529044000000000000e+06
1.175833333333333286e+01 2.528537000000000000e+06
1.190000000000000036e+01 2.531055000000000000e+06
1.204166666666666607e+01 2.528983000000000000e+06
1.218333333333333357e+01 2.532318000000000000e+06
1.232499999999999929e+01 2.526767000000000000e+06
1.246666666666666679e+01 2.525467000000000000e+06
1.260833333333333250e+01 2.529911000000000000e+06
1.275000000000000000e+01 2.525980000000000000e+06
1.289166666666666572e+01 2.526088000000000000e+06
1.303333333333333321e+01 2.526197000000000000e+06
1.317499999999999893e+01 2.523880000000000000e+06
1.331666666666666643e+01 2.527418000000000000e+06
1.345833333333333215e+01 2.523153000000000000e+06
1.359999999999999964e+01 2.525327000000000000e+06
1.374166666666666714e+01 2.524232000000000000e+06
1.388333333333333286e+01 2.525495000000000000e+06
1.402500000000000036e+01 2.525019000000000000e+06
1.416666666666666607e+01 2.523926000000000000e+06
1.430833333333333357e+01 2.523479000000000000e+06
1.444999999999999929e+01 2.521356000000000000e+06
1.459166666666666679e+01 2.522910000000000000e+06
1.473333333333333250e+01 2.522571000000000000e+06
1.487500000000000000e+01 2.523936000000000000e+06
1.501666666666666572e+01 2.523286000000000000e+06
1.515833333333333321e+01 2.523988000000000000e+06
1.529999999999999893e+01 2.526421000000000000e+06
1.544166666666666643e+01 2.524730000000000000e+06
1.558333333333333215e+01 2.525913000000000000e+06
1.572499999999999964e+01 2.525318000000000000e+06
1.586666666666666714e+01 2.525652000000000000e+06
1.600833333333333286e+01 2.525594000000000000e+06
1.614999999999999858e+01 2.528407000000000000e+06
1.629166666666666785e+01 2.526129000000000000e+06
1.643333333333333357e+01 2.526939000000000000e+06
1.657499999999999929e+01 2.528581000000000000e+06
1.671666666666666501e+01 2.529682000000000000e+06
1.685833333333333428e+01 2.530005000000000000e+06
1.700000000000000000e+01 2.531214000000000000e+06
1.714166666666666572e+01 2.531252000000000000e+06
1.728333333333333144e+01 2.530297000000000000e+06
1.742500000000000071e+01 2.532748000000000000e+06
1.756666666666666643e+01 2.535174000000000000e+06
1.770833333333333215e+01 2.533447000000000000e+06
1.784999999999999787e+01 2.531725000000000000e+06
1.799166666666666714e+01 2.537448000000000000e+06
1.813333333333333286e+01 2.535741000000000000e+06
1.827499999999999858e+01 2.536015000000000000e+06
1.841666666666666785e+01 2.540044000000000000e+06
1.855833333333333357e+01 2.538528000000000000e+06
1.869999999999999929e+01 2.536163000000000000e+06
1.884166666666666501e+01 2.537858000000000000e+06
1.898333333333333428e+01 2.538010000000000000e+06
1.912500000000000000e+01 2.541577000000000000e+06
1.926666666666666572e+01 2.538564000000000000e+06
1.940833333333333144e+01 2.541733000000000000e+06
1.955000000000000071e+01 2.540055000000000000e+06
1.969166666666666643e+01 2.541930000000000000e+06
1.983333333333333215e+01 2.541289000000000000e+06
1.997499999999999787e+01 2.543382000000000000e+06
2.011666666666666714e+01 2.545480000000000000e+06
2.025833333333333286e+01 2.546631000000000000e+06
2.039999999999999858e+01 2.542894000000000000e+06
2.054166666666666785e+01 2.546378000000000000e+06
2.068333333333333357e+01 2.545859000000000000e+06
2.082499999999999929e+01 2.544557000000000000e+06
2.096666666666666501e+01 2.547422000000000000e+06
2.110833333333333428e+01 2.545785000000000000e+06
2.125000000000000000e+01 2.545494000000000000e+06
2.139166666666666572e+01 2.549859000000000000e+06
2.153333333333333144e+01 2.549319000000000000e+06
2.167500000000000071e+01 2.545305000000000000e+06
2.181666666666666643e+01 2.547296000000000000e+06
2.195833333333333215e+01 2.546169000000000000e+06
2.209999999999999787e+01 2.543657000000000000e+06
2.224166666666666714e+01 2.546677000000000000e+06
2.238333333333333286e+01 2.546668000000000000e+06
2.252499999999999858e+01 2.546919000000000000e+06
2.266666666666666430e+01 2.544907000000000000e+06
2.280833333333333357e+01 2.546421000000000000e+06
2.294999999999999929e+01 2.542714000000000000e+06
2.309166666666666501e+01 2.546522000000000000e+06
2.323333333333333428e+01 2.544580000000000000e+06
2.337500000000000000e+01 2.544174000000000000e+06
2.351666666666666572e+01 2.543476000000000000e+06
2.365833333333333144e+01 2.540599000000000000e+06
2.380000000000000071e+01 2.541925000000000000e+06
2.394166666666666643e+01 2.540339000000000000e+06
2.408333333333333215e+01 2.542728000000000000e+06
2.422499999999999787e+01 2.541791000000000000e+06
2.436666666666666714e+01 2.536846000000000000e+06
2.450833333333333286e+01 2.539867000000000000e+06
2.464999999999999858e+01 2.535713000000000000e+06
2.479166666666666430e+01 2.538313000000000000e+06
2.493333333333333357e+01 2.539059000000000000e+06
2.507499999999999929e+01 2.537476000000000000e+06
2.521666666666666501e+01 2.537363000000000000e+06
2.535833333333333428e+01 2.536266000000000000e+06
2.550000000000000000e+01 2.533595000000000000e+06
2.564166666666666572e+01 2.529183000000000000e+06
2.578333333333333144e+01 2.531154000000000000e+06
2.592500000000000071e+01 2.531319000000000000e+06
2.606666666666666643e+01 2.531986000000000000e+06
2.620833333333333215e+01 2.529558000000000000e+06
2.634999999999999787e+01 2.526067000000000000e+06
2.649166666666666714e+01 2.529369000000000000e+06
2.663333333333333286e+01 2.526148000000000000e+06
2.677499999999999858e+01 2.527734000000000000e+06
2.691666666666666430e+01 2.527213000000000000e+06
2.705833333333333357e+01 2.527416000000000000e+06
2.719999999999999929e+01 2.526281000000000000e+06
2.734166666666666501e+01 2.528128000000000000e+06
2.748333333333333428e+01 2.524867000000000000e+06
2.762500000000000000e+01 2.525643000000000000e+06
2.776666666666666572e+01 2.522959000000000000e+06
2.790833333333333144e+01 2.522720000000000000e+06
2.805000000000000071e+01 2.524793000000000000e+06
2.819166666666666643e+01 2.522585000000000000e+06
2.833333333333333215e+01 2.523936000000000000e+06
