0.000000000000000000e+00 2.272082000000000000e+06
3.333333333333333287e-02 2.271563000000000000e+06
6.666666666666666574e-02 2.269411000000000000e+06
1.000000000000000056e-01 2.272416000000000000e+06
1.333333333333333315e-01 2.271255000000000000e+06
1.666666666666666574e-01 2.272359000000000000e+06
2.000000000000000111e-01 2.270286000000000000e+06
2.333333333333333370e-01 2.271373000000000000e+06
2.666666666666666630e-01 2.269962000000000000e+06
2.999999999999999889e-01 2.271757000000000000e+06
3.333333333333333148e-01 2.271574000000000000e+06
3.666666666666666408e-01 2.267603000000000000e+06
4.000000000000000222e-01 2.271933000000000000e+06
4.333333333333333481e-01 2.273248000000000000e+06
4.666666666666666741e-01 2.271398000000000000e+06
5.000000000000000000e-01 2.269301000000000000e+06
5.333333333333333259e-01 2.271092000000000000e+06
5.666666666666666519e-01 2.271578000000000000e+06
5.999999999999999778e-01 2.271006000000000000e+06
6.333333333333333037e-01 2.272316000000000000e+06
6.666666666666666297e-01 2.271825000000000000e+06
6.999999999999999556e-01 2.273999000000000000e+06
7.333333333333332815e-01 2.271819000000000000e+06
7.666666666666666075e-01 2.270967000000000000e+06
8.000000000000000444e-01 2.272088000000000000e+06
8.333333333333333703e-01 2.271877000000000000e+06
8.666666666666666963e-01 2.274413000000000000e+06
9.000000000000000222e-01 2.272685000000000000e+06
9.333333333333333481e-01 2.274299000000000000e+06
9.666666666666666741e-01 2.273045000000000000e+06
1.000000000000000000e+00 2.275486000000000000e+06
1.033333333333333215e+00 2.275871000000000000e+06
1.066666666666666652e+00 2.274633000000000000e+06
1.100000000000000089e+00 2.276427000000000000e+06
1.133333333333333304e+00 2.273153000000000000e+06
1.166666666666666741e+00 2.272840000000000000e+06
1.199999999999999956e+00 2.274934000000000000e+06
1.233333333333333393e+00 2.277038000000000000e+06
1.266666666666666607e+00 2.275921000000000000e+06
1.300000000000000044e+00 2.274909000000000000e+06
1.333333333333333259e+00 2.279598000000000000e+06
1.366666666666666696e+00 2.278473000000000000e+06
1.399999999999999911e+00 2.277484000000000000e+06
1.433333333333333348e+00 2.276997000000000000e+06
1.466666666666666563e+00 2.277387000000000000e+06
1.500000000000000000e+00 2.274825000000000000e+06
1.533333333333333215e+00 2.278256000000000000e+06
1.566666666666666652e+00 2.274987000000000000e+06
1.600000000000000089e+00 2.278131000000000000e+06
1.633333333333333304e+00 2.279972000000000000e+06
1.666666666666666741e+00 2.274435000000000000e+06
1.699999999999999956e+00 2.281846000000000000e+06
1.733333333333333393e+00 2.280875000000000000e+06
1.766666666666666607e+00 2.280570000000000000e+06
1.800000000000000044e+00 2.279582000000000000e+06
1.833333333333333259e+00 2.278986000000000000e+06
1.866666666666666696e+00 2.278376000000000000e+06
1.899999999999999911e+00 2.281160000000000000e+06
1.933333333333333348e+00 2.278945000000000000e+06
1.966666666666666563e+00 2.281017000000000000e+06
2.000000000000000000e+00 2.279121000000000000e+06
2.033333333333333215e+00 2.280949000000000000e+06
2.066666666666666430e+00 2.282133000000000000e+06
2.100000000000000089e+00 2.279551000000000000e+06
2.133333333333333304e+00 2.278263000000000000e+06
2.166666666666666519e+00 2.279184000000000000e+06
2.200000000000000178e+00 2.281722000000000000e+06
2.233333333333333393e+00 2.278013000000000000e+06
2.266666666666666607e+00 2.279990000000000000e+06
2.299999999999999822e+00 2.279111000000000000e+06
2.333333333333333481e+00 2.276746000000000000e+06
2.366666666666666696e+00 2.277576000000000000e+06
2.399999999999999911e+00 2.280445000000000000e+06
2.433333333333333126e+00 2.280195000000000000e+06
2.466666666666666785e+00 2.278586000000000000e+06
2.500000000000000000e+00 2.277888000000000000e+06
2.533333333333333215e+00 2.278348000000000000e+06
2.566666666666666430e+00 2.277045000000000000e+06
2.600000000000000089e+00 2.276180000000000000e+06
2.633333333333333304e+00 2.276535000000000000e+06
2.666666666666666519e+00 2.276420000000000000e+06
2.700000000000000178e+00 2.278585000000000000e+06
2.733333333333333393e+00 2.274805000000000000e+06
2.766666666666666607e+00 2.277564000000000000e+06
2.799999999999999822e+00 2.277237000000000000e+06
2.833333333333333481e+00 2.275897000000000000e+06
2.866666666666666696e+00 2.275566000000000000e+06
2.899999999999999911e+00 2.275894000000000000e+06
2.933333333333333126e+00 2.276636000000000000e+06
2.966666666666666785e+00 2.274182000000000000e+06
3.000000000000000000e+00 2.273381000000000000e+06
3.033333333333333215e+00 2.274016000000000000e+06
3.066666666666666430e+00 2.271857000000000000e+06
3.100000000000000089e+00 2.271718000000000000e+06
3.133333333333333304e+00 2.272030000000000000e+06
3.166666666666666519e+00 2.272953000000000000e+06
3.200000000000000178e+00 2.272353000000000000e+06
3.233333333333333393e+00 2.272619000000000000e+06
3.266666666666666607e+00 2.274897000000000000e+06
3.299999999999999822e+00 2.272261000000000000e+06
3.333333333333333481e+00 2.274833000000000000e+06
3.366666666666666696e+00 2.270961000000000000e+06
3.399999999999999911e+00 2.272278000000000000e+06
3.433333333333333126e+00 2.269990000000000000e+06
3.466666666666666785e+00 2.271009000000000000e+06
3.500000000000000000e+00 2.272571000000000000e+06
3.533333333333333215e+00 2.270475000000000000e+06
3.566666666666666430e+00 2.272772000000000000e+06
3.600000000000000089e+00 2.270323000000000000e+06
3.633333333333333304e+00 2.273785000000000000e+06
3.666666666666666519e+00 2.272503000000000000e+06
3.699999999999999734e+00 2.272889000000000000e+06
3.733333333333333393e+00 2.270953000000000000e+06
3.766666666666666607e+00 2.274108000000000000e+06
3.799999999999999822e+00 2.272181000000000000e+06
3.833333333333333481e+00 2.272184000000000000e+06
3.866666666666666696e+00 2.270966000000000000e+06
3.899999999999999911e+00 2.268844000000000000e+06
3.933333333333333126e+00 2.273325000000000000e+06
3.966666666666666785e+00 2.271153000000000000e+06
4.000000000000000000e+00 2.272646000000000000e+06
4.033333333333333215e+00 2.273304000000000000e+06
4.066666666666666430e+00 2.271194000000000000e+06
4.099999999999999645e+00 2.273062000000000000e+06
4.133333333333332860e+00 2.271237000000000000e+06
4.166666666666666963e+00 2.271925000000000000e+06
4.200000000000000178e+00 2.271649000000000000e+06
4.233333333333333393e+00 2.272746000000000000e+06
4.266666666666666607e+00 2.275868000000000000e+06
4.299999999999999822e+00 2.276090000000000000e+06
4.333333333333333037e+00 2.272823000000000000e+06
4.366666666666666252e+00 2.275034000000000000e+06
4.400000000000000355e+00 2.275649000000000000e+06
4.433333333333333570e+00 2.274522000000000000e+06
4.466666666666666785e+00 2.274608000000000000e+06
4.500000000000000000e+00 2.273338000000000000e+06
4.533333333333333215e+00 2.278686000000000000e+06
4.566666666666666430e+00 2.274358000000000000e+06
4.599999999999999645e+00 2.276666000000000000e+06
4.633333333333332860e+00 2.275499000000000000e+06
4.666666666666666963e+00 2.281101000000000000e+06
4.700000000000000178e+00 2.274987000000000000e+06
4.733333333333333393e+00 2.276428000000000000e+06
4.766666666666666607e+00 2.279508000000000000e+06
4.799999999999999822e+00 2.278379000000000000e+06
4.833333333333333037e+00 2.279201000000000000e+06
4.866666666666666252e+00 2.279935000000000000e+06
4.900000000000000355e+00 2.280251000000000000e+06
4.933333333333333570e+00 2.279920000000000000e+06
4.966666666666666785e+00 2.280131000000000000e+06
5.000000000000000000e+00 2.278810000000000000e+06
5.033333333333333215e+00 2.280093000000000000e+06
5.066666666666666430e+00 2.278547000000000000e+06
5.099999999999999645e+00 2.279989000000000000e+06
5.133333333333332860e+00 2.281657000000000000e+06
5.166666666666666963e+00 2.277960000000000000e+06
5.200000000000000178e+00 2.278114000000000000e+06
5.233333333333333393e+00 2.279476000000000000e+06
5.266666666666666607e+00 2.279350000000000000e+06
5.299999999999999822e+00 2.280399000000000000e+06
5.333333333333333037e+00 2.277518000000000000e+06
5.366666666666666252e+00 2.279579000000000000e+06
5.400000000000000355e+00 2.282577000000000000e+06
5.433333333333333570e+00 2.278182000000000000e+06
5.466666666666666785e+00 2.277199000000000000e+06
5.500000000000000000e+00 2.281307000000000000e+06
5.533333333333333215e+00 2.280582000000000000e+06
5.566666666666666430e+00 2.279101000000000000e+06
5.599999999999999645e+00 2.277846000000000000e+06
5.633333333333332860e+00 2.276935000000000000e+06
5.666666666666666963e+00 2.280026000000000000e+06
5.700000000000000178e+00 2.279238000000000000e+06
5.733333333333333393e+00 2.277792000000000000e+06
5.766666666666666607e+00 2.278923000000000000e+06
5.799999999999999822e+00 2.278920000000000000e+06
5.833333333333333037e+00 2.279091000000000000e+06
5.866666666666666252e+00 2.277602000000000000e+06
5.900000000000000355e+00 2.278623000000000000e+06
5.933333333333333570e+00 2.276888000000000000e+06
5.966666666666666785e+00 2.274249000000000000e+06
6.000000000000000000e+00 2.275732000000000000e+06
6.033333333333333215e+00 2.277478000000000000e+06
6.066666666666666430e+00 2.276873000000000000e+06
6.099999999999999645e+00 2.274418000000000000e+06
6.133333333333332860e+00 2.276879000000000000e+06
6.166666666666666963e+00 2.277124000000000000e+06
6.200000000000000178e+00 2.276416000000000000e+06
6.233333333333333393e+00 2.272175000000000000e+06
6.266666666666666607e+00 2.275771000000000000e+06
6.299999999999999822e+00 2.277317000000000000e+06
6.333333333333333037e+00 2.271916000000000000e+06
6.366666666666666252e+00 2.274278000000000000e+06
6.400000000000000355e+00 2.276197000000000000e+06
6.433333333333333570e+00 2.273130000000000000e+06
6.466666666666666785e+00 2.273160000000000000e+06
6.500000000000000000e+00 2.272046000000000000e+06
6.533333333333333215e+00 2.270267000000000000e+06
6.566666666666666430e+00 2.275853000000000000e+06
6.599999999999999645e+00 2.271631000000000000e+06
6.633333333333332860e+00 2.245277000000000000e+06
