0.000000000000000000e+00 2.225830000000000000e+05
2.000000000000000000e+00 2.239420000000000000e+05
4.000000000000000000e+00 2.253280000000000000e+05
6.000000000000000000e+00 2.259130000000000000e+05
8.000000000000000000e+00 2.280740000000000000e+05
1.000000000000000000e+01 2.296690000000000000e+05
1.200000000000000000e+01 2.310700000000000000e+05
1.400000000000000000e+01 2.332260000000000000e+05
1.600000000000000000e+01 2.353420000000000000e+05
1.800000000000000000e+01 2.365670000000000000e+05
2.000000000000000000e+01 2.396430000000000000e+05
2.200000000000000000e+01 2.411970000000000000e+05
2.400000000000000000e+01 2.419960000000000000e+05
2.600000000000000000e+01 2.454330000000000000e+05
2.800000000000000000e+01 2.475170000000000000e+05
3.000000000000000000e+01 2.496890000000000000e+05
3.200000000000000000e+01 2.517190000000000000e+05
3.400000000000000000e+01 2.541660000000000000e+05
3.600000000000000000e+01 2.573040000000000000e+05
3.800000000000000000e+01 2.593150000000000000e+05
4.000000000000000000e+01 2.612270000000000000e+05
4.200000000000000000e+01 2.625040000000000000e+05
4.400000000000000000e+01 2.655280000000000000e+05
4.600000000000000000e+01 2.673020000000000000e+05
4.800000000000000000e+01 2.683690000000000000e+05
5.000000000000000000e+01 2.718070000000000000e+05
5.200000000000000000e+01 2.743820000000000000e+05
5.400000000000000000e+01 2.756530000000000000e+05
5.600000000000000000e+01 2.765640000000000000e+05
5.800000000000000000e+01 2.787840000000000000e+05
6.000000000000000000e+01 2.799620000000000000e+05
6.200000000000000000e+01 2.830650000000000000e+05
6.400000000000000000e+01 2.845840000000000000e+05
6.600000000000000000e+01 2.854140000000000000e+05
6.800000000000000000e+01 2.863950000000000000e+05
7.000000000000000000e+01 2.877440000000000000e+05
7.200000000000000000e+01 2.882880000000000000e+05
7.400000000000000000e+01 2.894240000000000000e+05
7.600000000000000000e+01 2.901540000000000000e+05
7.800000000000000000e+01 2.911040000000000000e+05
8.000000000000000000e+01 2.923490000000000000e+05
8.200000000000000000e+01 2.924240000000000000e+05
8.400000000000000000e+01 2.931420000000000000e+05
8.600000000000000000e+01 2.924520000000000000e+05
8.800000000000000000e+01 2.924630000000000000e+05
9.000000000000000000e+01 2.916920000000000000e+05
9.200000000000000000e+01 2.918490000000000000e+05
9.400000000000000000e+01 2.918950000000000000e+05
9.600000000000000000e+01 2.905370000000000000e+05
9.800000000000000000e+01 2.898180000000000000e+05
1.000000000000000000e+02 2.894040000000000000e+05
1.020000000000000000e+02 2.878940000000000000e+05
1.040000000000000000e+02 2.878950000000000000e+05
1.060000000000000000e+02 2.859940000000000000e+05
1.080000000000000000e+02 2.845880000000000000e+05
1.100000000000000000e+02 2.817340000000000000e+05
1.120000000000000000e+02 2.805380000000000000e+05
1.140000000000000000e+02 2.785160000000000000e+05
1.160000000000000000e+02 2.776380000000000000e+05
1.180000000000000000e+02 2.762060000000000000e+05
1.200000000000000000e+02 2.739690000000000000e+05
1.220000000000000000e+02 2.724240000000000000e+05
1.240000000000000000e+02 2.698810000000000000e+05
1.260000000000000000e+02 2.675160000000000000e+05
1.280000000000000000e+02 2.646840000000000000e+05
1.300000000000000000e+02 2.627090000000000000e+05
1.320000000000000000e+02 2.613850000000000000e+05
1.340000000000000000e+02 2.589430000000000000e+05
1.360000000000000000e+02 2.558830000000000000e+05
1.380000000000000000e+02 2.541450000000000000e+05
1.400000000000000000e+02 2.514510000000000000e+05
1.420000000000000000e+02 2.504230000000000000e+05
1.440000000000000000e+02 2.483320000000000000e+05
1.460000000000000000e+02 2.459850000000000000e+05
1.480000000000000000e+02 2.445780000000000000e+05
1.500000000000000000e+02 2.412650000000000000e+05
1.520000000000000000e+02 2.393090000000000000e+05
1.540000000000000000e+02 2.373790000000000000e+05
1.560000000000000000e+02 2.353160000000000000e+05
1.580000000000000000e+02 2.333420000000000000e+05
1.600000000000000000e+02 2.326260000000000000e+05
1.620000000000000000e+02 2.303770000000000000e+05
1.640000000000000000e+02 2.296000000000000000e+05
1.660000000000000000e+02 2.279610000000000000e+05
1.680000000000000000e+02 2.265800000000000000e+05
1.700000000000000000e+02 2.245050000000000000e+05
1.720000000000000000e+02 2.240960000000000000e+05
1.740000000000000000e+02 2.232010000000000000e+05
1.760000000000000000e+02 2.217990000000000000e+05
1.780000000000000000e+02 2.215110000000000000e+05
1.800000000000000000e+02 2.194460000000000000e+05
1.820000000000000000e+02 2.193720000000000000e+05
1.840000000000000000e+02 2.203930000000000000e+05
1.860000000000000000e+02 2.199130000000000000e+05
1.880000000000000000e+02 2.199190000000000000e+05
1.900000000000000000e+02 2.207270000000000000e+05
1.920000000000000000e+02 2.202660000000000000e+05
1.940000000000000000e+02 2.199140000000000000e+05
1.960000000000000000e+02 2.217250000000000000e+05
1.980000000000000000e+02 2.219840000000000000e+05
2.000000000000000000e+02 2.220530000000000000e+05
2.020000000000000000e+02 2.235570000000000000e+05
2.040000000000000000e+02 2.244120000000000000e+05
2.060000000000000000e+02 2.262370000000000000e+05
2.080000000000000000e+02 2.282820000000000000e+05
2.100000000000000000e+02 2.294750000000000000e+05
2.120000000000000000e+02 2.310790000000000000e+05
2.140000000000000000e+02 2.340600000000000000e+05
2.160000000000000000e+02 2.346420000000000000e+05
2.180000000000000000e+02 2.370000000000000000e+05
2.200000000000000000e+02 2.389250000000000000e+05
2.220000000000000000e+02 2.407390000000000000e+05
2.240000000000000000e+02 2.427480000000000000e+05
2.260000000000000000e+02 2.452070000000000000e+05
2.280000000000000000e+02 2.467720000000000000e+05
2.300000000000000000e+02 2.493230000000000000e+05
2.320000000000000000e+02 2.512270000000000000e+05
2.340000000000000000e+02 2.547860000000000000e+05
2.360000000000000000e+02 2.562300000000000000e+05
2.380000000000000000e+02 2.577870000000000000e+05
2.400000000000000000e+02 2.605280000000000000e+05
2.420000000000000000e+02 2.622840000000000000e+05
2.440000000000000000e+02 2.646820000000000000e+05
2.460000000000000000e+02 2.683310000000000000e+05
2.480000000000000000e+02 2.704230000000000000e+05
2.500000000000000000e+02 2.722140000000000000e+05
2.520000000000000000e+02 2.731570000000000000e+05
2.540000000000000000e+02 2.752880000000000000e+05
2.560000000000000000e+02 2.764630000000000000e+05
2.580000000000000000e+02 2.786870000000000000e+05
2.600000000000000000e+02 2.809260000000000000e+05
2.620000000000000000e+02 2.823940000000000000e+05
2.640000000000000000e+02 2.831930000000000000e+05
2.660000000000000000e+02 2.855480000000000000e+05
2.680000000000000000e+02 2.864690000000000000e+05
2.700000000000000000e+02 2.880400000000000000e+05
2.720000000000000000e+02 2.891460000000000000e+05
2.740000000000000000e+02 2.887250000000000000e+05
2.760000000000000000e+02 2.902370000000000000e+05
2.780000000000000000e+02 2.908720000000000000e+05
2.800000000000000000e+02 2.922760000000000000e+05
2.820000000000000000e+02 2.913870000000000000e+05
2.840000000000000000e+02 2.928140000000000000e+05
2.860000000000000000e+02 2.922160000000000000e+05
2.880000000000000000e+02 2.918210000000000000e+05
2.900000000000000000e+02 2.926200000000000000e+05
2.920000000000000000e+02 2.921620000000000000e+05
2.940000000000000000e+02 2.896720000000000000e+05
2.960000000000000000e+02 2.904430000000000000e+05
2.980000000000000000e+02 2.907730000000000000e+05
3.000000000000000000e+02 2.898960000000000000e+05
3.020000000000000000e+02 2.881060000000000000e+05
3.040000000000000000e+02 2.863790000000000000e+05
3.060000000000000000e+02 2.853410000000000000e+05
3.080000000000000000e+02 2.850470000000000000e+05
3.100000000000000000e+02 2.825890000000000000e+05
3.120000000000000000e+02 2.814250000000000000e+05
3.140000000000000000e+02 2.793100000000000000e+05
3.160000000000000000e+02 2.775830000000000000e+05
3.180000000000000000e+02 2.758320000000000000e+05
3.200000000000000000e+02 2.743960000000000000e+05
3.220000000000000000e+02 2.715500000000000000e+05
3.240000000000000000e+02 2.698930000000000000e+05
3.260000000000000000e+02 2.662270000000000000e+05
3.280000000000000000e+02 2.643750000000000000e+05
3.300000000000000000e+02 2.647950000000000000e+05
3.320000000000000000e+02 2.617120000000000000e+05
3.340000000000000000e+02 2.589670000000000000e+05
3.360000000000000000e+02 2.571890000000000000e+05
3.380000000000000000e+02 2.539350000000000000e+05
3.400000000000000000e+02 2.520650000000000000e+05
3.420000000000000000e+02 2.501590000000000000e+05
3.440000000000000000e+02 2.478520000000000000e+05
3.460000000000000000e+02 2.458510000000000000e+05
3.480000000000000000e+02 2.440100000000000000e+05
3.500000000000000000e+02 2.423630000000000000e+05
3.520000000000000000e+02 2.390520000000000000e+05
3.540000000000000000e+02 2.370130000000000000e+05
3.560000000000000000e+02 2.360560000000000000e+05
3.580000000000000000e+02 2.343330000000000000e+05
3.600000000000000000e+02 2.324770000000000000e+05
3.620000000000000000e+02 2.305130000000000000e+05
3.640000000000000000e+02 2.288780000000000000e+05
3.660000000000000000e+02 2.281090000000000000e+05
3.680000000000000000e+02 2.264340000000000000e+05
3.700000000000000000e+02 2.255250000000000000e+05
3.720000000000000000e+02 2.244480000000000000e+05
3.740000000000000000e+02 2.229320000000000000e+05
3.760000000000000000e+02 2.210950000000000000e+05
3.780000000000000000e+02 2.216650000000000000e+05
3.800000000000000000e+02 2.212000000000000000e+05
3.820000000000000000e+02 2.195120000000000000e+05
3.840000000000000000e+02 2.195090000000000000e+05
3.860000000000000000e+02 2.198490000000000000e+05
3.880000000000000000e+02 2.201250000000000000e+05
3.900000000000000000e+02 2.196730000000000000e+05
3.920000000000000000e+02 2.204740000000000000e+05
3.940000000000000000e+02 2.202660000000000000e+05
3.960000000000000000e+02 2.218960000000000000e+05
3.980000000000000000e+02 2.230820000000000000e+05
