0.000000000000000000e+00 3.606600000000000000e+04
3.300000000000000000e+01 3.749700000000000000e+04
6.600000000000000000e+01 3.854200000000000000e+04
9.900000000000000000e+01 3.925200000000000000e+04
1.320000000000000000e+02 3.985000000000000000e+04
1.650000000000000000e+02 4.120100000000000000e+04
1.980000000000000000e+02 4.177600000000000000e+04
2.310000000000000000e+02 4.260200000000000000e+04
2.640000000000000000e+02 4.272200000000000000e+04
2.970000000000000000e+02 4.384700000000000000e+04
3.300000000000000000e+02 4.395400000000000000e+04
3.630000000000000000e+02 4.484500000000000000e+04
3.960000000000000000e+02 4.518900000000000000e+04
4.290000000000000000e+02 4.549000000000000000e+04
4.620000000000000000e+02 4.588100000000000000e+04
4.950000000000000000e+02 4.581200000000000000e+04
5.280000000000000000e+02 4.633700000000000000e+04
5.610000000000000000e+02 4.617000000000000000e+04
5.940000000000000000e+02 4.687500000000000000e+04
6.270000000000000000e+02 4.634600000000000000e+04
6.600000000000000000e+02 4.698900000000000000e+04
6.930000000000000000e+02 4.678100000000000000e+04
7.260000000000000000e+02 4.644700000000000000e+04
7.590000000000000000e+02 4.695600000000000000e+04
7.920000000000000000e+02 4.705600000000000000e+04
8.250000000000000000e+02 4.719100000000000000e+04
8.580000000000000000e+02 4.663000000000000000e+04
8.910000000000000000e+02 4.651100000000000000e+04
9.240000000000000000e+02 4.589100000000000000e+04
9.570000000000000000e+02 4.593100000000000000e+04
9.900000000000000000e+02 4.635300000000000000e+04
1.023000000000000000e+03 4.557500000000000000e+04
1.056000000000000000e+03 4.511500000000000000e+04
1.089000000000000000e+03 4.442600000000000000e+04
1.122000000000000000e+03 4.421400000000000000e+04
1.155000000000000000e+03 4.387700000000000000e+04
1.188000000000000000e+03 4.300000000000000000e+04
1.221000000000000000e+03 4.264200000000000000e+04
1.254000000000000000e+03 4.206800000000000000e+04
1.287000000000000000e+03 4.191600000000000000e+04
1.320000000000000000e+03 4.072000000000000000e+04
1.353000000000000000e+03 3.965200000000000000e+04
1.386000000000000000e+03 3.902400000000000000e+04
1.419000000000000000e+03 3.825200000000000000e+04
1.452000000000000000e+03 3.711200000000000000e+04
1.485000000000000000e+03 3.629100000000000000e+04
1.518000000000000000e+03 3.513900000000000000e+04
1.551000000000000000e+03 3.442700000000000000e+04
1.584000000000000000e+03 3.311100000000000000e+04
1.617000000000000000e+03 3.210100000000000000e+04
1.650000000000000000e+03 3.105900000000000000e+04
1.683000000000000000e+03 2.984700000000000000e+04
1.716000000000000000e+03 2.867500000000000000e+04
1.749000000000000000e+03 2.773300000000000000e+04
1.782000000000000000e+03 2.656000000000000000e+04
1.815000000000000000e+03 2.515900000000000000e+04
1.848000000000000000e+03 2.384300000000000000e+04
1.881000000000000000e+03 2.304700000000000000e+04
1.914000000000000000e+03 2.172400000000000000e+04
1.947000000000000000e+03 2.089100000000000000e+04
1.980000000000000000e+03 2.001800000000000000e+04
2.013000000000000000e+03 1.894000000000000000e+04
2.046000000000000000e+03 1.807500000000000000e+04
2.079000000000000000e+03 1.698400000000000000e+04
2.112000000000000000e+03 1.617500000000000000e+04
2.145000000000000000e+03 1.553600000000000000e+04
2.178000000000000000e+03 1.463800000000000000e+04
2.211000000000000000e+03 1.411800000000000000e+04
2.244000000000000000e+03 1.328100000000000000e+04
2.277000000000000000e+03 1.312200000000000000e+04
2.310000000000000000e+03 1.261400000000000000e+04
2.343000000000000000e+03 1.222400000000000000e+04
2.376000000000000000e+03 1.184700000000000000e+04
2.409000000000000000e+03 1.142700000000000000e+04
2.442000000000000000e+03 1.146700000000000000e+04
2.475000000000000000e+03 1.140300000000000000e+04
2.508000000000000000e+03 1.126500000000000000e+04
2.541000000000000000e+03 1.120200000000000000e+04
2.574000000000000000e+03 1.154200000000000000e+04
2.607000000000000000e+03 1.160300000000000000e+04
2.640000000000000000e+03 1.193800000000000000e+04
2.673000000000000000e+03 1.252900000000000000e+04
2.706000000000000000e+03 1.303500000000000000e+04
2.739000000000000000e+03 1.361700000000000000e+04
2.772000000000000000e+03 1.457400000000000000e+04
2.805000000000000000e+03 1.524000000000000000e+04
2.838000000000000000e+03 1.621300000000000000e+04
2.871000000000000000e+03 1.716700000000000000e+04
2.904000000000000000e+03 1.831400000000000000e+04
2.937000000000000000e+03 1.980400000000000000e+04
2.970000000000000000e+03 2.081600000000000000e+04
3.003000000000000000e+03 2.239800000000000000e+04
3.036000000000000000e+03 2.375300000000000000e+04
3.069000000000000000e+03 2.541800000000000000e+04
3.102000000000000000e+03 2.658500000000000000e+04
3.135000000000000000e+03 2.822100000000000000e+04
3.168000000000000000e+03 2.962700000000000000e+04
3.201000000000000000e+03 3.088600000000000000e+04
3.234000000000000000e+03 3.216200000000000000e+04
3.267000000000000000e+03 3.363400000000000000e+04
3.300000000000000000e+03 3.505000000000000000e+04
3.333000000000000000e+03 3.589900000000000000e+04
3.366000000000000000e+03 3.675300000000000000e+04
3.399000000000000000e+03 3.831500000000000000e+04
3.432000000000000000e+03 3.897700000000000000e+04
3.465000000000000000e+03 4.010100000000000000e+04
3.498000000000000000e+03 4.107400000000000000e+04
3.531000000000000000e+03 4.147400000000000000e+04
3.564000000000000000e+03 4.235100000000000000e+04
3.597000000000000000e+03 4.352200000000000000e+04
3.630000000000000000e+03 4.358900000000000000e+04
3.663000000000000000e+03 4.451600000000000000e+04
3.696000000000000000e+03 4.448000000000000000e+04
3.729000000000000000e+03 4.505500000000000000e+04
3.762000000000000000e+03 4.548900000000000000e+04
3.795000000000000000e+03 4.576200000000000000e+04
3.828000000000000000e+03 4.566500000000000000e+04
3.861000000000000000e+03 4.638500000000000000e+04
3.894000000000000000e+03 4.619000000000000000e+04
3.927000000000000000e+03 4.668100000000000000e+04
3.960000000000000000e+03 4.673100000000000000e+04
3.993000000000000000e+03 4.665400000000000000e+04
4.026000000000000000e+03 4.707600000000000000e+04
4.059000000000000000e+03 4.690600000000000000e+04
4.092000000000000000e+03 4.745700000000000000e+04
4.125000000000000000e+03 4.719700000000000000e+04
4.158000000000000000e+03 4.677300000000000000e+04
4.191000000000000000e+03 4.690800000000000000e+04
4.224000000000000000e+03 4.627500000000000000e+04
4.257000000000000000e+03 4.625100000000000000e+04
4.290000000000000000e+03 4.603400000000000000e+04
4.323000000000000000e+03 4.603900000000000000e+04
4.356000000000000000e+03 4.563000000000000000e+04
4.389000000000000000e+03 4.513900000000000000e+04
4.422000000000000000e+03 4.452100000000000000e+04
4.455000000000000000e+03 4.448100000000000000e+04
4.488000000000000000e+03 4.338600000000000000e+04
4.521000000000000000e+03 4.312300000000000000e+04
4.554000000000000000e+03 4.283700000000000000e+04
4.587000000000000000e+03 4.214900000000000000e+04
4.620000000000000000e+03 4.143600000000000000e+04
4.653000000000000000e+03 4.076500000000000000e+04
4.686000000000000000e+03 3.958100000000000000e+04
4.719000000000000000e+03 3.913500000000000000e+04
4.752000000000000000e+03 3.836900000000000000e+04
4.785000000000000000e+03 3.714100000000000000e+04
4.818000000000000000e+03 3.626000000000000000e+04
4.851000000000000000e+03 3.527000000000000000e+04
4.884000000000000000e+03 3.434000000000000000e+04
4.917000000000000000e+03 3.327300000000000000e+04
4.950000000000000000e+03 3.189800000000000000e+04
4.983000000000000000e+03 3.105700000000000000e+04
5.016000000000000000e+03 3.007400000000000000e+04
5.049000000000000000e+03 2.897900000000000000e+04
5.082000000000000000e+03 2.763700000000000000e+04
5.115000000000000000e+03 2.623400000000000000e+04
5.148000000000000000e+03 2.525900000000000000e+04
5.181000000000000000e+03 2.411300000000000000e+04
5.214000000000000000e+03 2.296000000000000000e+04
5.247000000000000000e+03 2.201000000000000000e+04
5.280000000000000000e+03 2.097300000000000000e+04
5.313000000000000000e+03 2.023100000000000000e+04
5.346000000000000000e+03 1.870300000000000000e+04
5.379000000000000000e+03 1.789900000000000000e+04
5.412000000000000000e+03 1.703200000000000000e+04
5.445000000000000000e+03 1.630500000000000000e+04
5.478000000000000000e+03 1.544500000000000000e+04
5.511000000000000000e+03 1.481000000000000000e+04
5.544000000000000000e+03 1.414000000000000000e+04
5.577000000000000000e+03 1.354300000000000000e+04
5.610000000000000000e+03 1.284300000000000000e+04
5.643000000000000000e+03 1.249700000000000000e+04
5.676000000000000000e+03 1.224700000000000000e+04
5.709000000000000000e+03 1.171300000000000000e+04
5.742000000000000000e+03 1.178400000000000000e+04
5.775000000000000000e+03 1.145900000000000000e+04
5.808000000000000000e+03 1.144700000000000000e+04
5.841000000000000000e+03 1.134500000000000000e+04
5.874000000000000000e+03 1.145100000000000000e+04
5.907000000000000000e+03 1.168400000000000000e+04
5.940000000000000000e+03 1.172300000000000000e+04
5.973000000000000000e+03 1.213100000000000000e+04
6.006000000000000000e+03 1.276600000000000000e+04
6.039000000000000000e+03 1.300500000000000000e+04
6.072000000000000000e+03 1.384300000000000000e+04
6.105000000000000000e+03 1.440700000000000000e+04
6.138000000000000000e+03 1.536300000000000000e+04
6.171000000000000000e+03 1.602900000000000000e+04
6.204000000000000000e+03 1.743700000000000000e+04
6.237000000000000000e+03 1.845500000000000000e+04
6.270000000000000000e+03 1.985100000000000000e+04
6.303000000000000000e+03 2.095900000000000000e+04
6.336000000000000000e+03 2.211800000000000000e+04
6.369000000000000000e+03 2.390300000000000000e+04
6.402000000000000000e+03 2.530100000000000000e+04
6.435000000000000000e+03 2.664200000000000000e+04
6.468000000000000000e+03 2.817300000000000000e+04
6.501000000000000000e+03 2.910500000000000000e+04
6.534000000000000000e+03 3.118600000000000000e+04
6.567000000000000000e+03 3.236600000000000000e+04
6.600000000000000000e+03 3.343100000000000000e+04
6.633000000000000000e+03 3.505600000000000000e+04
