0.000000000000000000e+00 2.253000000000000000e+04
3.333000000000000000e+03 2.364500000000000000e+04
6.666000000000000000e+03 2.388000000000000000e+04
9.999000000000000000e+03 2.437400000000000000e+04
1.333200000000000000e+04 2.466000000000000000e+04
1.666500000000000000e+04 2.536800000000000000e+04
1.999800000000000000e+04 2.582700000000000000e+04
2.333100000000000000e+04 2.621600000000000000e+04
2.666400000000000000e+04 2.665900000000000000e+04
2.999700000000000000e+04 2.695400000000000000e+04
3.333000000000000000e+04 2.761100000000000000e+04
3.666300000000000000e+04 2.755300000000000000e+04
3.999600000000000000e+04 2.764500000000000000e+04
4.332900000000000000e+04 2.801000000000000000e+04
4.666200000000000000e+04 2.863300000000000000e+04
4.999500000000000000e+04 2.824500000000000000e+04
5.332800000000000000e+04 2.826900000000000000e+04
5.666100000000000000e+04 2.809800000000000000e+04
5.999400000000000000e+04 2.867600000000000000e+04
6.332700000000000000e+04 2.879100000000000000e+04
6.666000000000000000e+04 2.891300000000000000e+04
6.999300000000000000e+04 2.836600000000000000e+04
7.332600000000000000e+04 2.845500000000000000e+04
7.665900000000000000e+04 2.782600000000000000e+04
7.999200000000000000e+04 2.851100000000000000e+04
8.332500000000000000e+04 2.835800000000000000e+04
8.665800000000000000e+04 2.782500000000000000e+04
8.999100000000000000e+04 2.756700000000000000e+04
9.332400000000000000e+04 2.794200000000000000e+04
9.665700000000000000e+04 2.759900000000000000e+04
9.999000000000000000e+04 2.675500000000000000e+04
1.033230000000000000e+05 2.644400000000000000e+04
1.066560000000000000e+05 2.593200000000000000e+04
1.099890000000000000e+05 2.592000000000000000e+04
1.133220000000000000e+05 2.523500000000000000e+04
1.166550000000000000e+05 2.489100000000000000e+04
1.199880000000000000e+05 2.405000000000000000e+04
1.233210000000000000e+05 2.347200000000000000e+04
1.266540000000000000e+05 2.279200000000000000e+04
1.299870000000000000e+05 2.218700000000000000e+04
1.333200000000000000e+05 2.144300000000000000e+04
1.366530000000000000e+05 2.060900000000000000e+04
1.399860000000000000e+05 1.973400000000000000e+04
1.433190000000000000e+05 1.920700000000000000e+04
1.466520000000000000e+05 1.796000000000000000e+04
1.499850000000000000e+05 1.747900000000000000e+04
1.533180000000000000e+05 1.617500000000000000e+04
1.566510000000000000e+05 1.560000000000000000e+04
1.599840000000000000e+05 1.461400000000000000e+04
1.633170000000000000e+05 1.373100000000000000e+04
1.666500000000000000e+05 1.287400000000000000e+04
1.699830000000000000e+05 1.203000000000000000e+04
1.733160000000000000e+05 1.127900000000000000e+04
1.766490000000000000e+05 1.020100000000000000e+04
1.799820000000000000e+05 9.434000000000000000e+03
1.833150000000000000e+05 8.794000000000000000e+03
1.866480000000000000e+05 7.990000000000000000e+03
1.899810000000000000e+05 7.354000000000000000e+03
1.933140000000000000e+05 6.754000000000000000e+03
1.966470000000000000e+05 6.228000000000000000e+03
1.999800000000000000e+05 5.607000000000000000e+03
2.033130000000000000e+05 5.350000000000000000e+03
2.066460000000000000e+05 4.886000000000000000e+03
2.099790000000000000e+05 4.496000000000000000e+03
2.133120000000000000e+05 4.343000000000000000e+03
2.166450000000000000e+05 4.106000000000000000e+03
2.199780000000000000e+05 3.829000000000000000e+03
2.233110000000000000e+05 3.726000000000000000e+03
2.266440000000000000e+05 3.727000000000000000e+03
2.299770000000000000e+05 3.735000000000000000e+03
2.333100000000000000e+05 3.669000000000000000e+03
2.366430000000000000e+05 3.757000000000000000e+03
2.399760000000000000e+05 3.720000000000000000e+03
2.433090000000000000e+05 3.998000000000000000e+03
2.466420000000000000e+05 4.175000000000000000e+03
2.499750000000000000e+05 4.464000000000000000e+03
2.533080000000000000e+05 4.719000000000000000e+03
2.566410000000000000e+05 5.060000000000000000e+03
2.599740000000000000e+05 5.534000000000000000e+03
2.633070000000000000e+05 5.941000000000000000e+03
2.666400000000000000e+05 6.585000000000000000e+03
2.699730000000000000e+05 7.066000000000000000e+03
2.733060000000000000e+05 7.808000000000000000e+03
2.766390000000000000e+05 8.341000000000000000e+03
2.799720000000000000e+05 9.133000000000000000e+03
2.833050000000000000e+05 9.934000000000000000e+03
2.866380000000000000e+05 1.070800000000000000e+04
2.899710000000000000e+05 1.155000000000000000e+04
2.933040000000000000e+05 1.238100000000000000e+04
2.966370000000000000e+05 1.347300000000000000e+04
2.999700000000000000e+05 1.451000000000000000e+04
3.033030000000000000e+05 1.541000000000000000e+04
3.066360000000000000e+05 1.600400000000000000e+04
3.099690000000000000e+05 1.728200000000000000e+04
3.133020000000000000e+05 1.798100000000000000e+04
3.166350000000000000e+05 1.868800000000000000e+04
3.199680000000000000e+05 1.973400000000000000e+04
3.233010000000000000e+05 2.039900000000000000e+04
3.266340000000000000e+05 2.114900000000000000e+04
3.299670000000000000e+05 2.202100000000000000e+04
3.333000000000000000e+05 2.274700000000000000e+04
3.366330000000000000e+05 2.310900000000000000e+04
3.399660000000000000e+05 2.362000000000000000e+04
3.432990000000000000e+05 2.452200000000000000e+04
3.466320000000000000e+05 2.468500000000000000e+04
3.499650000000000000e+05 2.566400000000000000e+04
3.532980000000000000e+05 2.548900000000000000e+04
3.566310000000000000e+05 2.619500000000000000e+04
3.599640000000000000e+05 2.684100000000000000e+04
3.632970000000000000e+05 2.695200000000000000e+04
3.666300000000000000e+05 2.754700000000000000e+04
3.699630000000000000e+05 2.749700000000000000e+04
3.732960000000000000e+05 2.788900000000000000e+04
3.766290000000000000e+05 2.789700000000000000e+04
3.799620000000000000e+05 2.807400000000000000e+04
3.832950000000000000e+05 2.836200000000000000e+04
3.866280000000000000e+05 2.846800000000000000e+04
3.899610000000000000e+05 2.850200000000000000e+04
3.932940000000000000e+05 2.870000000000000000e+04
3.966270000000000000e+05 2.894700000000000000e+04
3.999600000000000000e+05 2.848500000000000000e+04
4.032930000000000000e+05 2.870500000000000000e+04
4.066260000000000000e+05 2.864600000000000000e+04
4.099590000000000000e+05 2.849400000000000000e+04
4.132920000000000000e+05 2.800500000000000000e+04
4.166250000000000000e+05 2.847500000000000000e+04
4.199580000000000000e+05 2.800800000000000000e+04
4.232910000000000000e+05 2.743300000000000000e+04
4.266240000000000000e+05 2.767300000000000000e+04
4.299570000000000000e+05 2.720500000000000000e+04
4.332900000000000000e+05 2.693800000000000000e+04
4.366230000000000000e+05 2.631700000000000000e+04
4.399560000000000000e+05 2.601000000000000000e+04
4.432890000000000000e+05 2.598300000000000000e+04
4.466220000000000000e+05 2.553000000000000000e+04
4.499550000000000000e+05 2.475600000000000000e+04
4.532880000000000000e+05 2.396500000000000000e+04
4.566210000000000000e+05 2.341200000000000000e+04
4.599540000000000000e+05 2.294900000000000000e+04
4.632870000000000000e+05 2.231100000000000000e+04
4.666200000000000000e+05 2.116500000000000000e+04
4.699530000000000000e+05 2.063100000000000000e+04
4.732860000000000000e+05 1.972900000000000000e+04
4.766190000000000000e+05 1.899900000000000000e+04
4.799520000000000000e+05 1.817700000000000000e+04
4.832850000000000000e+05 1.759100000000000000e+04
4.866180000000000000e+05 1.658500000000000000e+04
4.899510000000000000e+05 1.543400000000000000e+04
4.932840000000000000e+05 1.488500000000000000e+04
4.966170000000000000e+05 1.391900000000000000e+04
4.999500000000000000e+05 1.288300000000000000e+04
5.032830000000000000e+05 1.197200000000000000e+04
5.066160000000000000e+05 1.116700000000000000e+04
5.099490000000000000e+05 1.033300000000000000e+04
5.132820000000000000e+05 9.454000000000000000e+03
5.166150000000000000e+05 8.764000000000000000e+03
5.199480000000000000e+05 8.002000000000000000e+03
5.232810000000000000e+05 7.526000000000000000e+03
5.266140000000000000e+05 6.828000000000000000e+03
5.299470000000000000e+05 6.253000000000000000e+03
5.332800000000000000e+05 5.726000000000000000e+03
5.366130000000000000e+05 5.459000000000000000e+03
5.399460000000000000e+05 4.843000000000000000e+03
5.432790000000000000e+05 4.557000000000000000e+03
5.466120000000000000e+05 4.268000000000000000e+03
5.499450000000000000e+05 4.166000000000000000e+03
5.532780000000000000e+05 3.942000000000000000e+03
5.566110000000000000e+05 3.884000000000000000e+03
5.599440000000000000e+05 3.786000000000000000e+03
5.632770000000000000e+05 3.713000000000000000e+03
5.666100000000000000e+05 3.670000000000000000e+03
5.699430000000000000e+05 3.772000000000000000e+03
5.732760000000000000e+05 3.744000000000000000e+03
5.766090000000000000e+05 3.933000000000000000e+03
5.799420000000000000e+05 4.148000000000000000e+03
5.832750000000000000e+05 4.444000000000000000e+03
5.866080000000000000e+05 4.812000000000000000e+03
5.899410000000000000e+05 5.087000000000000000e+03
5.932740000000000000e+05 5.463000000000000000e+03
5.966070000000000000e+05 6.005000000000000000e+03
5.999400000000000000e+05 6.418000000000000000e+03
6.032730000000000000e+05 7.177000000000000000e+03
6.066060000000000000e+05 7.570000000000000000e+03
6.099390000000000000e+05 8.453000000000000000e+03
6.132720000000000000e+05 9.246000000000000000e+03
6.166050000000000000e+05 9.709000000000000000e+03
6.199380000000000000e+05 1.049100000000000000e+04
6.232710000000000000e+05 1.168400000000000000e+04
6.266040000000000000e+05 1.253800000000000000e+04
6.299370000000000000e+05 1.334000000000000000e+04
6.332700000000000000e+05 1.423600000000000000e+04
6.366030000000000000e+05 1.505800000000000000e+04
6.399360000000000000e+05 1.606700000000000000e+04
6.432690000000000000e+05 1.698600000000000000e+04
6.466020000000000000e+05 1.791200000000000000e+04
6.499350000000000000e+05 1.871000000000000000e+04
6.532680000000000000e+05 1.951900000000000000e+04
6.566010000000000000e+05 2.060000000000000000e+04
6.599340000000000000e+05 2.125100000000000000e+04
6.632670000000000000e+05 2.204500000000000000e+04
