0.000000000000000000e+00 3.242700000000000000e+04
1.000000000000000000e+02 3.335600000000000000e+04
2.000000000000000000e+02 3.406400000000000000e+04
3.000000000000000000e+02 3.494300000000000000e+04
4.000000000000000000e+02 3.529100000000000000e+04
5.000000000000000000e+02 3.567900000000000000e+04
6.000000000000000000e+02 3.664000000000000000e+04
7.000000000000000000e+02 3.717600000000000000e+04
8.000000000000000000e+02 3.753500000000000000e+04
9.000000000000000000e+02 3.766800000000000000e+04
1.000000000000000000e+03 3.795300000000000000e+04
1.100000000000000000e+03 3.869600000000000000e+04
1.200000000000000000e+03 3.851400000000000000e+04
1.300000000000000000e+03 3.869400000000000000e+04
1.400000000000000000e+03 3.872400000000000000e+04
1.500000000000000000e+03 3.907000000000000000e+04
1.600000000000000000e+03 3.934800000000000000e+04
1.700000000000000000e+03 3.944100000000000000e+04
1.800000000000000000e+03 3.934900000000000000e+04
1.900000000000000000e+03 3.974400000000000000e+04
2.000000000000000000e+03 3.931900000000000000e+04
2.100000000000000000e+03 3.947300000000000000e+04
2.200000000000000000e+03 3.929300000000000000e+04
2.300000000000000000e+03 3.927900000000000000e+04
2.400000000000000000e+03 3.904700000000000000e+04
2.500000000000000000e+03 3.888700000000000000e+04
2.600000000000000000e+03 3.913600000000000000e+04
2.700000000000000000e+03 3.866700000000000000e+04
2.800000000000000000e+03 3.825200000000000000e+04
2.900000000000000000e+03 3.797500000000000000e+04
3.000000000000000000e+03 3.782400000000000000e+04
3.100000000000000000e+03 3.740100000000000000e+04
3.200000000000000000e+03 3.719500000000000000e+04
3.300000000000000000e+03 3.634400000000000000e+04
3.400000000000000000e+03 3.640400000000000000e+04
3.500000000000000000e+03 3.556200000000000000e+04
3.600000000000000000e+03 3.516700000000000000e+04
3.700000000000000000e+03 3.460200000000000000e+04
3.800000000000000000e+03 3.404000000000000000e+04
3.900000000000000000e+03 3.293200000000000000e+04
4.000000000000000000e+03 3.231800000000000000e+04
4.100000000000000000e+03 3.165300000000000000e+04
4.200000000000000000e+03 3.087300000000000000e+04
4.300000000000000000e+03 2.995600000000000000e+04
4.400000000000000000e+03 2.881900000000000000e+04
4.500000000000000000e+03 2.821100000000000000e+04
4.600000000000000000e+03 2.721500000000000000e+04
4.700000000000000000e+03 2.626600000000000000e+04
4.800000000000000000e+03 2.516100000000000000e+04
4.900000000000000000e+03 2.389000000000000000e+04
5.000000000000000000e+03 2.298400000000000000e+04
5.100000000000000000e+03 2.183300000000000000e+04
5.200000000000000000e+03 2.064400000000000000e+04
5.300000000000000000e+03 1.980000000000000000e+04
5.400000000000000000e+03 1.864400000000000000e+04
5.500000000000000000e+03 1.758700000000000000e+04
5.600000000000000000e+03 1.658100000000000000e+04
5.700000000000000000e+03 1.556600000000000000e+04
5.800000000000000000e+03 1.451400000000000000e+04
5.900000000000000000e+03 1.387800000000000000e+04
6.000000000000000000e+03 1.283200000000000000e+04
6.100000000000000000e+03 1.213800000000000000e+04
6.200000000000000000e+03 1.168500000000000000e+04
6.300000000000000000e+03 1.113100000000000000e+04
6.400000000000000000e+03 1.036500000000000000e+04
6.500000000000000000e+03 9.779000000000000000e+03
6.600000000000000000e+03 9.420000000000000000e+03
6.700000000000000000e+03 8.819000000000000000e+03
6.800000000000000000e+03 8.772000000000000000e+03
6.900000000000000000e+03 8.423000000000000000e+03
7.000000000000000000e+03 8.267000000000000000e+03
7.100000000000000000e+03 8.147000000000000000e+03
7.200000000000000000e+03 8.352000000000000000e+03
7.300000000000000000e+03 8.264000000000000000e+03
7.400000000000000000e+03 8.507000000000000000e+03
7.500000000000000000e+03 8.645000000000000000e+03
7.600000000000000000e+03 9.236000000000000000e+03
7.700000000000000000e+03 9.494000000000000000e+03
7.800000000000000000e+03 9.855000000000000000e+03
7.900000000000000000e+03 1.063500000000000000e+04
8.000000000000000000e+03 1.159300000000000000e+04
8.100000000000000000e+03 1.213500000000000000e+04
8.200000000000000000e+03 1.297900000000000000e+04
8.300000000000000000e+03 1.408500000000000000e+04
8.400000000000000000e+03 1.504800000000000000e+04
8.500000000000000000e+03 1.610800000000000000e+04
8.600000000000000000e+03 1.699000000000000000e+04
8.700000000000000000e+03 1.841800000000000000e+04
8.800000000000000000e+03 1.983000000000000000e+04
8.900000000000000000e+03 2.077100000000000000e+04
9.000000000000000000e+03 2.227500000000000000e+04
9.100000000000000000e+03 2.328900000000000000e+04
9.200000000000000000e+03 2.458000000000000000e+04
9.300000000000000000e+03 2.555900000000000000e+04
9.400000000000000000e+03 2.693600000000000000e+04
9.500000000000000000e+03 2.782800000000000000e+04
9.600000000000000000e+03 2.911700000000000000e+04
9.700000000000000000e+03 3.003500000000000000e+04
9.800000000000000000e+03 3.092000000000000000e+04
9.900000000000000000e+03 3.193200000000000000e+04
1.000000000000000000e+04 3.300000000000000000e+04
1.010000000000000000e+04 3.367100000000000000e+04
1.020000000000000000e+04 3.359600000000000000e+04
1.030000000000000000e+04 3.482300000000000000e+04
1.040000000000000000e+04 3.545900000000000000e+04
1.050000000000000000e+04 3.613800000000000000e+04
1.060000000000000000e+04 3.633100000000000000e+04
1.070000000000000000e+04 3.674900000000000000e+04
1.080000000000000000e+04 3.747800000000000000e+04
1.090000000000000000e+04 3.764100000000000000e+04
1.100000000000000000e+04 3.825300000000000000e+04
1.110000000000000000e+04 3.825300000000000000e+04
1.120000000000000000e+04 3.852200000000000000e+04
1.130000000000000000e+04 3.873300000000000000e+04
1.140000000000000000e+04 3.882600000000000000e+04
1.150000000000000000e+04 3.899600000000000000e+04
1.160000000000000000e+04 3.891100000000000000e+04
1.170000000000000000e+04 3.907500000000000000e+04
1.180000000000000000e+04 3.932200000000000000e+04
1.190000000000000000e+04 3.929100000000000000e+04
1.200000000000000000e+04 3.973200000000000000e+04
1.210000000000000000e+04 3.969100000000000000e+04
1.220000000000000000e+04 3.958700000000000000e+04
1.230000000000000000e+04 3.922900000000000000e+04
1.240000000000000000e+04 3.906500000000000000e+04
1.250000000000000000e+04 3.902100000000000000e+04
1.260000000000000000e+04 3.855700000000000000e+04
1.270000000000000000e+04 3.881100000000000000e+04
1.280000000000000000e+04 3.816200000000000000e+04
1.290000000000000000e+04 3.821900000000000000e+04
1.300000000000000000e+04 3.792500000000000000e+04
1.310000000000000000e+04 3.735900000000000000e+04
1.320000000000000000e+04 3.730800000000000000e+04
1.330000000000000000e+04 3.659000000000000000e+04
1.340000000000000000e+04 3.644000000000000000e+04
1.350000000000000000e+04 3.556900000000000000e+04
1.360000000000000000e+04 3.502300000000000000e+04
1.370000000000000000e+04 3.455700000000000000e+04
1.380000000000000000e+04 3.367700000000000000e+04
1.390000000000000000e+04 3.297200000000000000e+04
1.400000000000000000e+04 3.252800000000000000e+04
1.410000000000000000e+04 3.171500000000000000e+04
1.420000000000000000e+04 3.079200000000000000e+04
1.430000000000000000e+04 2.968100000000000000e+04
1.440000000000000000e+04 2.922300000000000000e+04
1.450000000000000000e+04 2.843900000000000000e+04
1.460000000000000000e+04 2.739100000000000000e+04
1.470000000000000000e+04 2.616200000000000000e+04
1.480000000000000000e+04 2.529200000000000000e+04
1.490000000000000000e+04 2.418500000000000000e+04
1.500000000000000000e+04 2.310200000000000000e+04
1.510000000000000000e+04 2.207000000000000000e+04
1.520000000000000000e+04 2.072300000000000000e+04
1.530000000000000000e+04 1.987900000000000000e+04
1.540000000000000000e+04 1.889200000000000000e+04
1.550000000000000000e+04 1.753800000000000000e+04
1.560000000000000000e+04 1.655700000000000000e+04
1.570000000000000000e+04 1.564600000000000000e+04
1.580000000000000000e+04 1.469300000000000000e+04
1.590000000000000000e+04 1.359800000000000000e+04
1.600000000000000000e+04 1.317400000000000000e+04
1.610000000000000000e+04 1.241600000000000000e+04
1.620000000000000000e+04 1.165000000000000000e+04
1.630000000000000000e+04 1.086500000000000000e+04
1.640000000000000000e+04 1.038700000000000000e+04
1.650000000000000000e+04 9.945000000000000000e+03
1.660000000000000000e+04 9.440000000000000000e+03
1.670000000000000000e+04 8.958000000000000000e+03
1.680000000000000000e+04 8.758000000000000000e+03
1.690000000000000000e+04 8.470000000000000000e+03
1.700000000000000000e+04 8.320000000000000000e+03
1.710000000000000000e+04 8.221000000000000000e+03
1.720000000000000000e+04 8.232000000000000000e+03
1.730000000000000000e+04 8.347000000000000000e+03
1.740000000000000000e+04 8.646000000000000000e+03
1.750000000000000000e+04 8.777000000000000000e+03
1.760000000000000000e+04 9.171000000000000000e+03
1.770000000000000000e+04 9.527000000000000000e+03
1.780000000000000000e+04 1.002200000000000000e+04
1.790000000000000000e+04 1.046700000000000000e+04
1.800000000000000000e+04 1.155000000000000000e+04
1.810000000000000000e+04 1.208100000000000000e+04
1.820000000000000000e+04 1.312000000000000000e+04
1.830000000000000000e+04 1.403800000000000000e+04
1.840000000000000000e+04 1.484500000000000000e+04
1.850000000000000000e+04 1.603700000000000000e+04
1.860000000000000000e+04 1.708500000000000000e+04
1.870000000000000000e+04 1.844100000000000000e+04
1.880000000000000000e+04 1.960700000000000000e+04
1.890000000000000000e+04 2.104000000000000000e+04
1.900000000000000000e+04 2.206100000000000000e+04
1.910000000000000000e+04 2.322400000000000000e+04
1.920000000000000000e+04 2.459400000000000000e+04
1.930000000000000000e+04 2.571100000000000000e+04
1.940000000000000000e+04 2.682100000000000000e+04
1.950000000000000000e+04 2.819800000000000000e+04
1.960000000000000000e+04 2.907500000000000000e+04
1.970000000000000000e+04 3.006700000000000000e+04
1.980000000000000000e+04 3.104900000000000000e+04
1.990000000000000000e+04 3.186100000000000000e+04
