0.000000000000000000e+00 5.195300000000000000e+04
1.428000000000000000e+03 5.343300000000000000e+04
2.856000000000000000e+03 5.478100000000000000e+04
4.284000000000000000e+03 5.525200000000000000e+04
5.712000000000000000e+03 5.584900000000000000e+04
7.140000000000000000e+03 5.695200000000000000e+04
8.568000000000000000e+03 5.743600000000000000e+04
9.996000000000000000e+03 5.859600000000000000e+04
1.142400000000000000e+04 5.850200000000000000e+04
1.285200000000000000e+04 5.946400000000000000e+04
1.428000000000000000e+04 6.012700000000000000e+04
1.570800000000000000e+04 5.994300000000000000e+04
1.713600000000000000e+04 6.100000000000000000e+04
1.856400000000000000e+04 6.130000000000000000e+04
1.999200000000000000e+04 6.150000000000000000e+04
2.142000000000000000e+04 6.154700000000000000e+04
2.284800000000000000e+04 6.186100000000000000e+04
2.427600000000000000e+04 6.183700000000000000e+04
2.570400000000000000e+04 6.232700000000000000e+04
2.713200000000000000e+04 6.233800000000000000e+04
2.856000000000000000e+04 6.179600000000000000e+04
2.998800000000000000e+04 6.148700000000000000e+04
3.141600000000000000e+04 6.183200000000000000e+04
3.284400000000000000e+04 6.159700000000000000e+04
3.427200000000000000e+04 6.134600000000000000e+04
3.570000000000000000e+04 6.161100000000000000e+04
3.712800000000000000e+04 6.102200000000000000e+04
3.855600000000000000e+04 6.052200000000000000e+04
3.998400000000000000e+04 5.992400000000000000e+04
4.141200000000000000e+04 6.009000000000000000e+04
4.284000000000000000e+04 5.915700000000000000e+04
4.426800000000000000e+04 5.890100000000000000e+04
4.569600000000000000e+04 5.799300000000000000e+04
4.712400000000000000e+04 5.726900000000000000e+04
4.855200000000000000e+04 5.643500000000000000e+04
4.998000000000000000e+04 5.522100000000000000e+04
5.140800000000000000e+04 5.492300000000000000e+04
5.283600000000000000e+04 5.363500000000000000e+04
5.426400000000000000e+04 5.269300000000000000e+04
5.569200000000000000e+04 5.142300000000000000e+04
5.712000000000000000e+04 5.024800000000000000e+04
5.854800000000000000e+04 4.901000000000000000e+04
5.997600000000000000e+04 4.783300000000000000e+04
6.140400000000000000e+04 4.636700000000000000e+04
6.283200000000000000e+04 4.483500000000000000e+04
6.426000000000000000e+04 4.307900000000000000e+04
6.568800000000000000e+04 4.116400000000000000e+04
6.711600000000000000e+04 3.974100000000000000e+04
6.854400000000000000e+04 3.775300000000000000e+04
6.997200000000000000e+04 3.613300000000000000e+04
7.140000000000000000e+04 3.463400000000000000e+04
7.282800000000000000e+04 3.257400000000000000e+04
7.425600000000000000e+04 3.076600000000000000e+04
7.568400000000000000e+04 2.876600000000000000e+04
7.711200000000000000e+04 2.726400000000000000e+04
7.854000000000000000e+04 2.564400000000000000e+04
7.996800000000000000e+04 2.382700000000000000e+04
8.139600000000000000e+04 2.232400000000000000e+04
8.282400000000000000e+04 2.108600000000000000e+04
8.425200000000000000e+04 1.952300000000000000e+04
8.568000000000000000e+04 1.863400000000000000e+04
8.710800000000000000e+04 1.731700000000000000e+04
8.853600000000000000e+04 1.618400000000000000e+04
8.996400000000000000e+04 1.541900000000000000e+04
9.139200000000000000e+04 1.479100000000000000e+04
9.282000000000000000e+04 1.404800000000000000e+04
9.424800000000000000e+04 1.339500000000000000e+04
9.567600000000000000e+04 1.330100000000000000e+04
9.710400000000000000e+04 1.271800000000000000e+04
9.853200000000000000e+04 1.300100000000000000e+04
9.996000000000000000e+04 1.298800000000000000e+04
1.013880000000000000e+05 1.291300000000000000e+04
1.028160000000000000e+05 1.296700000000000000e+04
1.042440000000000000e+05 1.369200000000000000e+04
1.056720000000000000e+05 1.414700000000000000e+04
1.071000000000000000e+05 1.481000000000000000e+04
1.085280000000000000e+05 1.566900000000000000e+04
1.099560000000000000e+05 1.648400000000000000e+04
1.113840000000000000e+05 1.760000000000000000e+04
1.128120000000000000e+05 1.885700000000000000e+04
1.142400000000000000e+05 2.015200000000000000e+04
1.156680000000000000e+05 2.145600000000000000e+04
1.170960000000000000e+05 2.312100000000000000e+04
1.185240000000000000e+05 2.458400000000000000e+04
1.199520000000000000e+05 2.623300000000000000e+04
1.213800000000000000e+05 2.813700000000000000e+04
1.228080000000000000e+05 2.983600000000000000e+04
1.242360000000000000e+05 3.154100000000000000e+04
1.256640000000000000e+05 3.331800000000000000e+04
1.270920000000000000e+05 3.535300000000000000e+04
1.285200000000000000e+05 3.701100000000000000e+04
1.299480000000000000e+05 3.876100000000000000e+04
1.313760000000000000e+05 4.066100000000000000e+04
1.328040000000000000e+05 4.240100000000000000e+04
1.342320000000000000e+05 4.352200000000000000e+04
1.356600000000000000e+05 4.537200000000000000e+04
1.370880000000000000e+05 4.667800000000000000e+04
1.385160000000000000e+05 4.837200000000000000e+04
1.399440000000000000e+05 4.982800000000000000e+04
1.413720000000000000e+05 5.090200000000000000e+04
1.428000000000000000e+05 5.216400000000000000e+04
1.442280000000000000e+05 5.335700000000000000e+04
1.456560000000000000e+05 5.441300000000000000e+04
1.470840000000000000e+05 5.517700000000000000e+04
1.485120000000000000e+05 5.585900000000000000e+04
1.499400000000000000e+05 5.709600000000000000e+04
1.513680000000000000e+05 5.755900000000000000e+04
1.527960000000000000e+05 5.799600000000000000e+04
1.542240000000000000e+05 5.910000000000000000e+04
1.556520000000000000e+05 5.948000000000000000e+04
1.570800000000000000e+05 6.014000000000000000e+04
1.585080000000000000e+05 5.998200000000000000e+04
1.599360000000000000e+05 6.096600000000000000e+04
1.613640000000000000e+05 6.092500000000000000e+04
1.627920000000000000e+05 6.177200000000000000e+04
1.642200000000000000e+05 6.176400000000000000e+04
1.656480000000000000e+05 6.126600000000000000e+04
1.670760000000000000e+05 6.236800000000000000e+04
1.685040000000000000e+05 6.190000000000000000e+04
1.699320000000000000e+05 6.213900000000000000e+04
1.713600000000000000e+05 6.203900000000000000e+04
1.727880000000000000e+05 6.216100000000000000e+04
1.742160000000000000e+05 6.180300000000000000e+04
1.756440000000000000e+05 6.157000000000000000e+04
1.770720000000000000e+05 6.148300000000000000e+04
1.785000000000000000e+05 6.182100000000000000e+04
1.799280000000000000e+05 6.130900000000000000e+04
1.813560000000000000e+05 6.087700000000000000e+04
1.827840000000000000e+05 6.003700000000000000e+04
1.842120000000000000e+05 6.016200000000000000e+04
1.856400000000000000e+05 5.899000000000000000e+04
1.870680000000000000e+05 5.859900000000000000e+04
1.884960000000000000e+05 5.797100000000000000e+04
1.899240000000000000e+05 5.718200000000000000e+04
1.913520000000000000e+05 5.623100000000000000e+04
1.927800000000000000e+05 5.580100000000000000e+04
1.942080000000000000e+05 5.503300000000000000e+04
1.956360000000000000e+05 5.341100000000000000e+04
1.970640000000000000e+05 5.263900000000000000e+04
1.984920000000000000e+05 5.168500000000000000e+04
1.999200000000000000e+05 5.021200000000000000e+04
2.013480000000000000e+05 4.887800000000000000e+04
2.027760000000000000e+05 4.756600000000000000e+04
2.042040000000000000e+05 4.625600000000000000e+04
2.056320000000000000e+05 4.459600000000000000e+04
2.070600000000000000e+05 4.319400000000000000e+04
2.084880000000000000e+05 4.139800000000000000e+04
2.099160000000000000e+05 3.998700000000000000e+04
2.113440000000000000e+05 3.782400000000000000e+04
2.127720000000000000e+05 3.616400000000000000e+04
2.142000000000000000e+05 3.443200000000000000e+04
2.156280000000000000e+05 3.284400000000000000e+04
2.170560000000000000e+05 3.088800000000000000e+04
2.184840000000000000e+05 2.881600000000000000e+04
2.199120000000000000e+05 2.718500000000000000e+04
2.213400000000000000e+05 2.573100000000000000e+04
2.227680000000000000e+05 2.404000000000000000e+04
2.241960000000000000e+05 2.270500000000000000e+04
2.256240000000000000e+05 2.076100000000000000e+04
2.270520000000000000e+05 1.949400000000000000e+04
2.284800000000000000e+05 1.848300000000000000e+04
2.299080000000000000e+05 1.757200000000000000e+04
2.313360000000000000e+05 1.642400000000000000e+04
2.327640000000000000e+05 1.536700000000000000e+04
2.341920000000000000e+05 1.486700000000000000e+04
2.356200000000000000e+05 1.399900000000000000e+04
2.370480000000000000e+05 1.345800000000000000e+04
2.384760000000000000e+05 1.329000000000000000e+04
2.399040000000000000e+05 1.300800000000000000e+04
2.413320000000000000e+05 1.276800000000000000e+04
2.427600000000000000e+05 1.268500000000000000e+04
2.441880000000000000e+05 1.268800000000000000e+04
2.456160000000000000e+05 1.337900000000000000e+04
2.470440000000000000e+05 1.359300000000000000e+04
2.484720000000000000e+05 1.421000000000000000e+04
2.499000000000000000e+05 1.477100000000000000e+04
2.513280000000000000e+05 1.567300000000000000e+04
2.527560000000000000e+05 1.672500000000000000e+04
2.541840000000000000e+05 1.714500000000000000e+04
2.556120000000000000e+05 1.892200000000000000e+04
2.570400000000000000e+05 2.011400000000000000e+04
2.584680000000000000e+05 2.162600000000000000e+04
2.598960000000000000e+05 2.292500000000000000e+04
2.613240000000000000e+05 2.443200000000000000e+04
2.627520000000000000e+05 2.639900000000000000e+04
2.641800000000000000e+05 2.810200000000000000e+04
2.656080000000000000e+05 2.961600000000000000e+04
2.670360000000000000e+05 3.173000000000000000e+04
2.684640000000000000e+05 3.301200000000000000e+04
2.698920000000000000e+05 3.523500000000000000e+04
2.713200000000000000e+05 3.731000000000000000e+04
2.727480000000000000e+05 3.865000000000000000e+04
2.741760000000000000e+05 4.060700000000000000e+04
2.756040000000000000e+05 4.202200000000000000e+04
2.770320000000000000e+05 4.391900000000000000e+04
2.784600000000000000e+05 4.528900000000000000e+04
2.798880000000000000e+05 4.697300000000000000e+04
2.813160000000000000e+05 4.820200000000000000e+04
2.827440000000000000e+05 4.952900000000000000e+04
2.841720000000000000e+05 5.073800000000000000e+04
