0.000000000000000000e+00 5.091300000000000000e+04
5.000000000000000000e+03 5.217800000000000000e+04
1.000000000000000000e+04 5.316200000000000000e+04
1.500000000000000000e+04 5.410500000000000000e+04
2.000000000000000000e+04 5.507800000000000000e+04
2.500000000000000000e+04 5.566900000000000000e+04
3.000000000000000000e+04 5.686300000000000000e+04
3.500000000000000000e+04 5.770600000000000000e+04
4.000000000000000000e+04 5.816500000000000000e+04
4.500000000000000000e+04 5.831500000000000000e+04
5.000000000000000000e+04 5.942200000000000000e+04
5.500000000000000000e+04 5.960300000000000000e+04
6.000000000000000000e+04 6.033700000000000000e+04
6.500000000000000000e+04 6.034300000000000000e+04
7.000000000000000000e+04 6.049000000000000000e+04
7.500000000000000000e+04 6.070600000000000000e+04
8.000000000000000000e+04 6.111100000000000000e+04
8.500000000000000000e+04 6.103200000000000000e+04
9.000000000000000000e+04 6.120500000000000000e+04
9.500000000000000000e+04 6.096100000000000000e+04
1.000000000000000000e+05 6.132600000000000000e+04
1.050000000000000000e+05 6.163000000000000000e+04
1.100000000000000000e+05 6.149900000000000000e+04
1.150000000000000000e+05 6.133100000000000000e+04
1.200000000000000000e+05 6.036900000000000000e+04
1.250000000000000000e+05 6.063300000000000000e+04
1.300000000000000000e+05 5.984500000000000000e+04
1.350000000000000000e+05 5.982300000000000000e+04
1.400000000000000000e+05 5.912500000000000000e+04
1.450000000000000000e+05 5.882000000000000000e+04
1.500000000000000000e+05 5.843300000000000000e+04
1.550000000000000000e+05 5.721400000000000000e+04
1.600000000000000000e+05 5.680400000000000000e+04
1.650000000000000000e+05 5.636700000000000000e+04
1.700000000000000000e+05 5.524000000000000000e+04
1.750000000000000000e+05 5.459400000000000000e+04
1.800000000000000000e+05 5.396200000000000000e+04
1.850000000000000000e+05 5.279000000000000000e+04
1.900000000000000000e+05 5.149100000000000000e+04
1.950000000000000000e+05 5.044800000000000000e+04
2.000000000000000000e+05 4.910300000000000000e+04
2.050000000000000000e+05 4.818600000000000000e+04
2.100000000000000000e+05 4.637000000000000000e+04
2.150000000000000000e+05 4.453500000000000000e+04
2.200000000000000000e+05 4.298400000000000000e+04
2.250000000000000000e+05 4.131900000000000000e+04
2.300000000000000000e+05 4.001400000000000000e+04
2.350000000000000000e+05 3.828400000000000000e+04
2.400000000000000000e+05 3.621100000000000000e+04
2.450000000000000000e+05 3.440100000000000000e+04
2.500000000000000000e+05 3.285100000000000000e+04
2.550000000000000000e+05 3.104500000000000000e+04
2.600000000000000000e+05 2.932900000000000000e+04
2.650000000000000000e+05 2.737600000000000000e+04
2.700000000000000000e+05 2.591200000000000000e+04
2.750000000000000000e+05 2.423500000000000000e+04
2.800000000000000000e+05 2.236500000000000000e+04
2.850000000000000000e+05 2.067700000000000000e+04
2.900000000000000000e+05 1.935800000000000000e+04
2.950000000000000000e+05 1.866500000000000000e+04
3.000000000000000000e+05 1.724600000000000000e+04
3.050000000000000000e+05 1.591400000000000000e+04
3.100000000000000000e+05 1.487200000000000000e+04
3.150000000000000000e+05 1.415900000000000000e+04
3.200000000000000000e+05 1.353600000000000000e+04
3.250000000000000000e+05 1.268600000000000000e+04
3.300000000000000000e+05 1.255200000000000000e+04
3.350000000000000000e+05 1.197500000000000000e+04
3.400000000000000000e+05 1.188500000000000000e+04
3.450000000000000000e+05 1.155900000000000000e+04
3.500000000000000000e+05 1.150200000000000000e+04
3.550000000000000000e+05 1.186000000000000000e+04
3.600000000000000000e+05 1.222100000000000000e+04
3.650000000000000000e+05 1.262800000000000000e+04
3.700000000000000000e+05 1.320800000000000000e+04
3.750000000000000000e+05 1.394300000000000000e+04
3.800000000000000000e+05 1.444800000000000000e+04
3.850000000000000000e+05 1.528100000000000000e+04
3.900000000000000000e+05 1.611500000000000000e+04
3.950000000000000000e+05 1.765700000000000000e+04
4.000000000000000000e+05 1.917400000000000000e+04
4.050000000000000000e+05 2.019200000000000000e+04
4.100000000000000000e+05 2.196100000000000000e+04
4.150000000000000000e+05 2.337100000000000000e+04
4.200000000000000000e+05 2.534200000000000000e+04
4.250000000000000000e+05 2.685200000000000000e+04
4.300000000000000000e+05 2.864600000000000000e+04
4.350000000000000000e+05 3.029900000000000000e+04
4.400000000000000000e+05 3.245200000000000000e+04
4.450000000000000000e+05 3.398800000000000000e+04
4.500000000000000000e+05 3.597700000000000000e+04
4.550000000000000000e+05 3.794400000000000000e+04
4.600000000000000000e+05 3.968500000000000000e+04
4.650000000000000000e+05 4.082900000000000000e+04
4.700000000000000000e+05 4.255200000000000000e+04
4.750000000000000000e+05 4.425500000000000000e+04
4.800000000000000000e+05 4.575900000000000000e+04
4.850000000000000000e+05 4.698000000000000000e+04
4.900000000000000000e+05 4.874400000000000000e+04
4.950000000000000000e+05 4.995400000000000000e+04
5.000000000000000000e+05 5.132500000000000000e+04
5.050000000000000000e+05 5.251600000000000000e+04
5.100000000000000000e+05 5.326400000000000000e+04
5.150000000000000000e+05 5.437800000000000000e+04
5.200000000000000000e+05 5.529700000000000000e+04
5.250000000000000000e+05 5.611900000000000000e+04
5.300000000000000000e+05 5.749300000000000000e+04
5.350000000000000000e+05 5.735700000000000000e+04
5.400000000000000000e+05 5.818200000000000000e+04
5.450000000000000000e+05 5.857700000000000000e+04
5.500000000000000000e+05 5.884400000000000000e+04
5.550000000000000000e+05 5.949500000000000000e+04
5.600000000000000000e+05 6.053300000000000000e+04
5.650000000000000000e+05 6.013500000000000000e+04
5.700000000000000000e+05 6.101100000000000000e+04
5.750000000000000000e+05 6.063700000000000000e+04
5.800000000000000000e+05 6.050700000000000000e+04
5.850000000000000000e+05 6.114200000000000000e+04
5.900000000000000000e+05 6.063500000000000000e+04
5.950000000000000000e+05 6.134000000000000000e+04
6.000000000000000000e+05 6.127300000000000000e+04
6.050000000000000000e+05 6.131100000000000000e+04
6.100000000000000000e+05 6.079600000000000000e+04
6.150000000000000000e+05 6.103300000000000000e+04
6.200000000000000000e+05 6.055500000000000000e+04
6.250000000000000000e+05 6.031100000000000000e+04
6.300000000000000000e+05 6.019400000000000000e+04
6.350000000000000000e+05 5.976100000000000000e+04
6.400000000000000000e+05 5.967400000000000000e+04
6.450000000000000000e+05 5.848200000000000000e+04
6.500000000000000000e+05 5.861600000000000000e+04
6.550000000000000000e+05 5.768900000000000000e+04
6.600000000000000000e+05 5.738700000000000000e+04
6.650000000000000000e+05 5.634500000000000000e+04
6.700000000000000000e+05 5.536300000000000000e+04
6.750000000000000000e+05 5.485600000000000000e+04
6.800000000000000000e+05 5.390600000000000000e+04
6.850000000000000000e+05 5.252300000000000000e+04
6.900000000000000000e+05 5.131900000000000000e+04
6.950000000000000000e+05 5.040100000000000000e+04
7.000000000000000000e+05 4.877400000000000000e+04
7.050000000000000000e+05 4.805400000000000000e+04
7.100000000000000000e+05 4.609300000000000000e+04
7.150000000000000000e+05 4.517200000000000000e+04
7.200000000000000000e+05 4.360600000000000000e+04
7.250000000000000000e+05 4.115500000000000000e+04
7.300000000000000000e+05 4.008900000000000000e+04
7.350000000000000000e+05 3.815500000000000000e+04
7.400000000000000000e+05 3.605500000000000000e+04
7.450000000000000000e+05 3.481100000000000000e+04
7.500000000000000000e+05 3.297700000000000000e+04
7.550000000000000000e+05 3.103700000000000000e+04
7.600000000000000000e+05 2.937200000000000000e+04
7.650000000000000000e+05 2.756400000000000000e+04
7.700000000000000000e+05 2.554700000000000000e+04
7.750000000000000000e+05 2.413900000000000000e+04
7.800000000000000000e+05 2.255400000000000000e+04
7.850000000000000000e+05 2.118900000000000000e+04
7.900000000000000000e+05 1.942500000000000000e+04
7.950000000000000000e+05 1.805500000000000000e+04
8.000000000000000000e+05 1.704200000000000000e+04
8.050000000000000000e+05 1.586300000000000000e+04
8.100000000000000000e+05 1.495300000000000000e+04
8.150000000000000000e+05 1.423500000000000000e+04
8.200000000000000000e+05 1.311600000000000000e+04
8.250000000000000000e+05 1.275400000000000000e+04
8.300000000000000000e+05 1.230000000000000000e+04
8.350000000000000000e+05 1.192900000000000000e+04
8.400000000000000000e+05 1.174400000000000000e+04
8.450000000000000000e+05 1.143600000000000000e+04
8.500000000000000000e+05 1.179900000000000000e+04
8.550000000000000000e+05 1.167900000000000000e+04
8.600000000000000000e+05 1.218800000000000000e+04
8.650000000000000000e+05 1.251200000000000000e+04
8.700000000000000000e+05 1.289900000000000000e+04
8.750000000000000000e+05 1.353100000000000000e+04
8.800000000000000000e+05 1.453200000000000000e+04
8.850000000000000000e+05 1.532700000000000000e+04
8.900000000000000000e+05 1.625700000000000000e+04
8.950000000000000000e+05 1.761400000000000000e+04
9.000000000000000000e+05 1.886200000000000000e+04
9.050000000000000000e+05 2.034000000000000000e+04
9.100000000000000000e+05 2.186800000000000000e+04
9.150000000000000000e+05 2.348100000000000000e+04
9.200000000000000000e+05 2.518300000000000000e+04
9.250000000000000000e+05 2.647300000000000000e+04
9.300000000000000000e+05 2.855200000000000000e+04
9.350000000000000000e+05 3.029200000000000000e+04
9.400000000000000000e+05 3.210100000000000000e+04
9.450000000000000000e+05 3.404400000000000000e+04
9.500000000000000000e+05 3.553300000000000000e+04
9.550000000000000000e+05 3.749200000000000000e+04
9.600000000000000000e+05 3.955200000000000000e+04
9.650000000000000000e+05 4.101900000000000000e+04
9.700000000000000000e+05 4.257800000000000000e+04
9.750000000000000000e+05 4.418500000000000000e+04
9.800000000000000000e+05 4.597100000000000000e+04
9.850000000000000000e+05 4.730100000000000000e+04
9.900000000000000000e+05 4.866600000000000000e+04
9.950000000000000000e+05 5.004000000000000000e+04
