0.000000000000000000e+00 2.663600000000000000e+04
1.400000000000000000e+01 2.812400000000000000e+04
2.800000000000000000e+01 2.915600000000000000e+04
4.200000000000000000e+01 3.038700000000000000e+04
5.600000000000000000e+01 3.132200000000000000e+04
7.000000000000000000e+01 3.251800000000000000e+04
8.400000000000000000e+01 3.316300000000000000e+04
9.800000000000000000e+01 3.422800000000000000e+04
1.120000000000000000e+02 3.517100000000000000e+04
1.260000000000000000e+02 3.590700000000000000e+04
1.400000000000000000e+02 3.665600000000000000e+04
1.540000000000000000e+02 3.736400000000000000e+04
1.680000000000000000e+02 3.802400000000000000e+04
1.820000000000000000e+02 3.859700000000000000e+04
1.960000000000000000e+02 3.961500000000000000e+04
2.100000000000000000e+02 3.952000000000000000e+04
2.240000000000000000e+02 4.011900000000000000e+04
2.380000000000000000e+02 4.050000000000000000e+04
2.520000000000000000e+02 4.071300000000000000e+04
2.660000000000000000e+02 4.133800000000000000e+04
2.800000000000000000e+02 4.148800000000000000e+04
2.940000000000000000e+02 4.156900000000000000e+04
3.080000000000000000e+02 4.173300000000000000e+04
3.220000000000000000e+02 4.175800000000000000e+04
3.360000000000000000e+02 4.221300000000000000e+04
3.500000000000000000e+02 4.201400000000000000e+04
3.640000000000000000e+02 4.210100000000000000e+04
3.780000000000000000e+02 4.223700000000000000e+04
3.920000000000000000e+02 4.241200000000000000e+04
4.060000000000000000e+02 4.180100000000000000e+04
4.200000000000000000e+02 4.245600000000000000e+04
4.340000000000000000e+02 4.186500000000000000e+04
4.480000000000000000e+02 4.182500000000000000e+04
4.620000000000000000e+02 4.148300000000000000e+04
4.760000000000000000e+02 4.123200000000000000e+04
4.900000000000000000e+02 4.096800000000000000e+04
5.040000000000000000e+02 4.062700000000000000e+04
5.180000000000000000e+02 4.047800000000000000e+04
5.320000000000000000e+02 3.961000000000000000e+04
5.460000000000000000e+02 3.906100000000000000e+04
5.600000000000000000e+02 3.877500000000000000e+04
5.740000000000000000e+02 3.822700000000000000e+04
5.880000000000000000e+02 3.755400000000000000e+04
6.020000000000000000e+02 3.735100000000000000e+04
6.160000000000000000e+02 3.605800000000000000e+04
6.300000000000000000e+02 3.621800000000000000e+04
6.440000000000000000e+02 3.515900000000000000e+04
6.580000000000000000e+02 3.399700000000000000e+04
6.720000000000000000e+02 3.340100000000000000e+04
6.860000000000000000e+02 3.261400000000000000e+04
7.000000000000000000e+02 3.207400000000000000e+04
7.140000000000000000e+02 3.078200000000000000e+04
7.280000000000000000e+02 3.020800000000000000e+04
7.420000000000000000e+02 2.928400000000000000e+04
7.560000000000000000e+02 2.875100000000000000e+04
7.700000000000000000e+02 2.770300000000000000e+04
7.840000000000000000e+02 2.671100000000000000e+04
7.980000000000000000e+02 2.569200000000000000e+04
8.120000000000000000e+02 2.494000000000000000e+04
8.260000000000000000e+02 2.397300000000000000e+04
8.400000000000000000e+02 2.329700000000000000e+04
8.540000000000000000e+02 2.242200000000000000e+04
8.680000000000000000e+02 2.168200000000000000e+04
8.820000000000000000e+02 2.093200000000000000e+04
8.960000000000000000e+02 2.013900000000000000e+04
9.100000000000000000e+02 1.938400000000000000e+04
9.240000000000000000e+02 1.855400000000000000e+04
9.380000000000000000e+02 1.796700000000000000e+04
9.520000000000000000e+02 1.751300000000000000e+04
9.660000000000000000e+02 1.681200000000000000e+04
9.800000000000000000e+02 1.621700000000000000e+04
9.940000000000000000e+02 1.586900000000000000e+04
1.008000000000000000e+03 1.530500000000000000e+04
1.022000000000000000e+03 1.448100000000000000e+04
1.036000000000000000e+03 1.459600000000000000e+04
1.050000000000000000e+03 1.417500000000000000e+04
1.064000000000000000e+03 1.380800000000000000e+04
1.078000000000000000e+03 1.343600000000000000e+04
1.092000000000000000e+03 1.330100000000000000e+04
1.106000000000000000e+03 1.318600000000000000e+04
1.120000000000000000e+03 1.308700000000000000e+04
1.134000000000000000e+03 1.310400000000000000e+04
1.148000000000000000e+03 1.300500000000000000e+04
1.162000000000000000e+03 1.303100000000000000e+04
1.176000000000000000e+03 1.322300000000000000e+04
1.190000000000000000e+03 1.355100000000000000e+04
1.204000000000000000e+03 1.374600000000000000e+04
1.218000000000000000e+03 1.420700000000000000e+04
1.232000000000000000e+03 1.453400000000000000e+04
1.246000000000000000e+03 1.494800000000000000e+04
1.260000000000000000e+03 1.551200000000000000e+04
1.274000000000000000e+03 1.606100000000000000e+04
1.288000000000000000e+03 1.696300000000000000e+04
1.302000000000000000e+03 1.759800000000000000e+04
1.316000000000000000e+03 1.856100000000000000e+04
1.330000000000000000e+03 1.938700000000000000e+04
1.344000000000000000e+03 2.058800000000000000e+04
1.358000000000000000e+03 2.161100000000000000e+04
1.372000000000000000e+03 2.283300000000000000e+04
1.386000000000000000e+03 2.380300000000000000e+04
1.400000000000000000e+03 2.459300000000000000e+04
1.414000000000000000e+03 2.631000000000000000e+04
1.428000000000000000e+03 2.704700000000000000e+04
1.442000000000000000e+03 2.821900000000000000e+04
1.456000000000000000e+03 2.929600000000000000e+04
1.470000000000000000e+03 3.055300000000000000e+04
1.484000000000000000e+03 3.136000000000000000e+04
1.498000000000000000e+03 3.238700000000000000e+04
1.512000000000000000e+03 3.372800000000000000e+04
1.526000000000000000e+03 3.438300000000000000e+04
1.540000000000000000e+03 3.505300000000000000e+04
1.554000000000000000e+03 3.615000000000000000e+04
1.568000000000000000e+03 3.692800000000000000e+04
1.582000000000000000e+03 3.762800000000000000e+04
1.596000000000000000e+03 3.805100000000000000e+04
1.610000000000000000e+03 3.868200000000000000e+04
1.624000000000000000e+03 3.892400000000000000e+04
1.638000000000000000e+03 3.996100000000000000e+04
1.652000000000000000e+03 4.024900000000000000e+04
1.666000000000000000e+03 4.058400000000000000e+04
1.680000000000000000e+03 4.107500000000000000e+04
1.694000000000000000e+03 4.135600000000000000e+04
1.708000000000000000e+03 4.155100000000000000e+04
1.722000000000000000e+03 4.189500000000000000e+04
1.736000000000000000e+03 4.166500000000000000e+04
1.750000000000000000e+03 4.218100000000000000e+04
1.764000000000000000e+03 4.218700000000000000e+04
1.778000000000000000e+03 4.250200000000000000e+04
1.792000000000000000e+03 4.250300000000000000e+04
1.806000000000000000e+03 4.250900000000000000e+04
1.820000000000000000e+03 4.267200000000000000e+04
1.834000000000000000e+03 4.226100000000000000e+04
1.848000000000000000e+03 4.167100000000000000e+04
1.862000000000000000e+03 4.232900000000000000e+04
1.876000000000000000e+03 4.178500000000000000e+04
1.890000000000000000e+03 4.137500000000000000e+04
1.904000000000000000e+03 4.107600000000000000e+04
1.918000000000000000e+03 4.088700000000000000e+04
1.932000000000000000e+03 4.063000000000000000e+04
1.946000000000000000e+03 4.041500000000000000e+04
1.960000000000000000e+03 3.969300000000000000e+04
1.974000000000000000e+03 3.906000000000000000e+04
1.988000000000000000e+03 3.900100000000000000e+04
2.002000000000000000e+03 3.854300000000000000e+04
2.016000000000000000e+03 3.804800000000000000e+04
2.030000000000000000e+03 3.744400000000000000e+04
2.044000000000000000e+03 3.633500000000000000e+04
2.058000000000000000e+03 3.575600000000000000e+04
2.072000000000000000e+03 3.507500000000000000e+04
2.086000000000000000e+03 3.470600000000000000e+04
2.100000000000000000e+03 3.344100000000000000e+04
2.114000000000000000e+03 3.286200000000000000e+04
2.128000000000000000e+03 3.213100000000000000e+04
2.142000000000000000e+03 3.110900000000000000e+04
2.156000000000000000e+03 3.000100000000000000e+04
2.170000000000000000e+03 2.948800000000000000e+04
2.184000000000000000e+03 2.872500000000000000e+04
2.198000000000000000e+03 2.784600000000000000e+04
2.212000000000000000e+03 2.684200000000000000e+04
2.226000000000000000e+03 2.581500000000000000e+04
2.240000000000000000e+03 2.487600000000000000e+04
2.254000000000000000e+03 2.411400000000000000e+04
2.268000000000000000e+03 2.347100000000000000e+04
2.282000000000000000e+03 2.234700000000000000e+04
2.296000000000000000e+03 2.158700000000000000e+04
2.310000000000000000e+03 2.079100000000000000e+04
2.324000000000000000e+03 2.025400000000000000e+04
2.338000000000000000e+03 1.951800000000000000e+04
2.352000000000000000e+03 1.862100000000000000e+04
2.366000000000000000e+03 1.812800000000000000e+04
2.380000000000000000e+03 1.746500000000000000e+04
2.394000000000000000e+03 1.681900000000000000e+04
2.408000000000000000e+03 1.628200000000000000e+04
2.422000000000000000e+03 1.591100000000000000e+04
2.436000000000000000e+03 1.539600000000000000e+04
2.450000000000000000e+03 1.480100000000000000e+04
2.464000000000000000e+03 1.450000000000000000e+04
2.478000000000000000e+03 1.404400000000000000e+04
2.492000000000000000e+03 1.387800000000000000e+04
2.506000000000000000e+03 1.332100000000000000e+04
2.520000000000000000e+03 1.321300000000000000e+04
2.534000000000000000e+03 1.308600000000000000e+04
2.548000000000000000e+03 1.296200000000000000e+04
2.562000000000000000e+03 1.303600000000000000e+04
2.576000000000000000e+03 1.318600000000000000e+04
2.590000000000000000e+03 1.310300000000000000e+04
2.604000000000000000e+03 1.313400000000000000e+04
2.618000000000000000e+03 1.346800000000000000e+04
2.632000000000000000e+03 1.384500000000000000e+04
2.646000000000000000e+03 1.427200000000000000e+04
2.660000000000000000e+03 1.452400000000000000e+04
2.674000000000000000e+03 1.492700000000000000e+04
2.688000000000000000e+03 1.552300000000000000e+04
2.702000000000000000e+03 1.641400000000000000e+04
2.716000000000000000e+03 1.697500000000000000e+04
2.730000000000000000e+03 1.767400000000000000e+04
2.744000000000000000e+03 1.884500000000000000e+04
2.758000000000000000e+03 1.955200000000000000e+04
2.772000000000000000e+03 2.061500000000000000e+04
2.786000000000000000e+03 2.161600000000000000e+04
2.800000000000000000e+03 2.262900000000000000e+04
2.814000000000000000e+03 2.379100000000000000e+04
2.828000000000000000e+03 2.469800000000000000e+04
2.842000000000000000e+03 2.585800000000000000e+04
