0.000000000000000000e+00 4.317900000000000000e+04
2.000000000000000000e+03 4.435500000000000000e+04
4.000000000000000000e+03 4.500400000000000000e+04
6.000000000000000000e+03 4.545500000000000000e+04
8.000000000000000000e+03 4.653100000000000000e+04
1.000000000000000000e+04 4.733800000000000000e+04
1.200000000000000000e+04 4.795000000000000000e+04
1.400000000000000000e+04 4.849900000000000000e+04
1.600000000000000000e+04 4.892500000000000000e+04
1.800000000000000000e+04 4.938700000000000000e+04
2.000000000000000000e+04 4.965700000000000000e+04
2.200000000000000000e+04 4.961200000000000000e+04
2.400000000000000000e+04 5.016900000000000000e+04
2.600000000000000000e+04 5.042300000000000000e+04
2.800000000000000000e+04 5.075700000000000000e+04
3.000000000000000000e+04 5.060100000000000000e+04
3.200000000000000000e+04 5.067700000000000000e+04
3.400000000000000000e+04 5.086500000000000000e+04
3.600000000000000000e+04 5.112300000000000000e+04
3.800000000000000000e+04 5.107200000000000000e+04
4.000000000000000000e+04 5.099200000000000000e+04
4.200000000000000000e+04 5.072200000000000000e+04
4.400000000000000000e+04 5.087700000000000000e+04
4.600000000000000000e+04 5.098100000000000000e+04
4.800000000000000000e+04 5.056200000000000000e+04
5.000000000000000000e+04 5.036300000000000000e+04
5.200000000000000000e+04 5.022900000000000000e+04
5.400000000000000000e+04 5.029100000000000000e+04
5.600000000000000000e+04 4.950200000000000000e+04
5.800000000000000000e+04 4.912000000000000000e+04
6.000000000000000000e+04 4.871100000000000000e+04
6.200000000000000000e+04 4.833800000000000000e+04
6.400000000000000000e+04 4.807500000000000000e+04
6.600000000000000000e+04 4.736000000000000000e+04
6.800000000000000000e+04 4.657200000000000000e+04
7.000000000000000000e+04 4.589300000000000000e+04
7.200000000000000000e+04 4.507200000000000000e+04
7.400000000000000000e+04 4.467100000000000000e+04
7.600000000000000000e+04 4.350500000000000000e+04
7.800000000000000000e+04 4.296800000000000000e+04
8.000000000000000000e+04 4.212400000000000000e+04
8.200000000000000000e+04 4.104100000000000000e+04
8.400000000000000000e+04 3.974200000000000000e+04
8.600000000000000000e+04 3.839900000000000000e+04
8.800000000000000000e+04 3.721500000000000000e+04
9.000000000000000000e+04 3.587700000000000000e+04
9.200000000000000000e+04 3.471400000000000000e+04
9.400000000000000000e+04 3.332000000000000000e+04
9.600000000000000000e+04 3.158500000000000000e+04
9.800000000000000000e+04 3.048500000000000000e+04
1.000000000000000000e+05 2.894400000000000000e+04
1.020000000000000000e+05 2.772200000000000000e+04
1.040000000000000000e+05 2.646400000000000000e+04
1.060000000000000000e+05 2.462500000000000000e+04
1.080000000000000000e+05 2.328100000000000000e+04
1.100000000000000000e+05 2.215800000000000000e+04
1.120000000000000000e+05 2.061400000000000000e+04
1.140000000000000000e+05 1.957000000000000000e+04
1.160000000000000000e+05 1.804700000000000000e+04
1.180000000000000000e+05 1.705200000000000000e+04
1.200000000000000000e+05 1.608800000000000000e+04
1.220000000000000000e+05 1.505300000000000000e+04
1.240000000000000000e+05 1.440900000000000000e+04
1.260000000000000000e+05 1.367900000000000000e+04
1.280000000000000000e+05 1.288400000000000000e+04
1.300000000000000000e+05 1.222000000000000000e+04
1.320000000000000000e+05 1.223200000000000000e+04
1.340000000000000000e+05 1.163100000000000000e+04
1.360000000000000000e+05 1.159100000000000000e+04
1.380000000000000000e+05 1.130200000000000000e+04
1.400000000000000000e+05 1.147900000000000000e+04
1.420000000000000000e+05 1.163800000000000000e+04
1.440000000000000000e+05 1.180500000000000000e+04
1.460000000000000000e+05 1.230000000000000000e+04
1.480000000000000000e+05 1.283300000000000000e+04
1.500000000000000000e+05 1.339500000000000000e+04
1.520000000000000000e+05 1.417100000000000000e+04
1.540000000000000000e+05 1.448600000000000000e+04
1.560000000000000000e+05 1.572600000000000000e+04
1.580000000000000000e+05 1.659400000000000000e+04
1.600000000000000000e+05 1.757000000000000000e+04
1.620000000000000000e+05 1.891700000000000000e+04
1.640000000000000000e+05 2.001000000000000000e+04
1.660000000000000000e+05 2.135300000000000000e+04
1.680000000000000000e+05 2.273400000000000000e+04
1.700000000000000000e+05 2.417200000000000000e+04
1.720000000000000000e+05 2.547000000000000000e+04
1.740000000000000000e+05 2.711300000000000000e+04
1.760000000000000000e+05 2.841100000000000000e+04
1.780000000000000000e+05 2.992700000000000000e+04
1.800000000000000000e+05 3.192100000000000000e+04
1.820000000000000000e+05 3.280900000000000000e+04
1.840000000000000000e+05 3.435300000000000000e+04
1.860000000000000000e+05 3.589000000000000000e+04
1.880000000000000000e+05 3.708100000000000000e+04
1.900000000000000000e+05 3.785200000000000000e+04
1.920000000000000000e+05 3.904100000000000000e+04
1.940000000000000000e+05 4.016300000000000000e+04
1.960000000000000000e+05 4.140100000000000000e+04
1.980000000000000000e+05 4.270100000000000000e+04
2.000000000000000000e+05 4.300100000000000000e+04
2.020000000000000000e+05 4.459900000000000000e+04
2.040000000000000000e+05 4.501200000000000000e+04
2.060000000000000000e+05 4.571800000000000000e+04
2.080000000000000000e+05 4.626600000000000000e+04
2.100000000000000000e+05 4.700400000000000000e+04
2.120000000000000000e+05 4.810600000000000000e+04
2.140000000000000000e+05 4.848300000000000000e+04
2.160000000000000000e+05 4.844100000000000000e+04
2.180000000000000000e+05 4.916400000000000000e+04
2.200000000000000000e+05 4.968300000000000000e+04
2.220000000000000000e+05 4.975600000000000000e+04
2.240000000000000000e+05 5.018500000000000000e+04
2.260000000000000000e+05 5.072800000000000000e+04
2.280000000000000000e+05 5.072900000000000000e+04
2.300000000000000000e+05 5.115400000000000000e+04
2.320000000000000000e+05 5.110300000000000000e+04
2.340000000000000000e+05 5.121400000000000000e+04
2.360000000000000000e+05 5.116500000000000000e+04
2.380000000000000000e+05 5.083200000000000000e+04
2.400000000000000000e+05 5.064400000000000000e+04
2.420000000000000000e+05 5.116800000000000000e+04
2.440000000000000000e+05 5.085800000000000000e+04
2.460000000000000000e+05 5.140300000000000000e+04
2.480000000000000000e+05 5.116400000000000000e+04
2.500000000000000000e+05 5.034700000000000000e+04
2.520000000000000000e+05 5.015500000000000000e+04
2.540000000000000000e+05 5.010200000000000000e+04
2.560000000000000000e+05 4.986800000000000000e+04
2.580000000000000000e+05 4.940500000000000000e+04
2.600000000000000000e+05 4.907900000000000000e+04
2.620000000000000000e+05 4.850400000000000000e+04
2.640000000000000000e+05 4.822300000000000000e+04
2.660000000000000000e+05 4.718800000000000000e+04
2.680000000000000000e+05 4.725700000000000000e+04
2.700000000000000000e+05 4.603600000000000000e+04
2.720000000000000000e+05 4.517500000000000000e+04
2.740000000000000000e+05 4.461500000000000000e+04
2.760000000000000000e+05 4.361000000000000000e+04
2.780000000000000000e+05 4.263500000000000000e+04
2.800000000000000000e+05 4.188200000000000000e+04
2.820000000000000000e+05 4.091200000000000000e+04
2.840000000000000000e+05 4.011200000000000000e+04
2.860000000000000000e+05 3.804300000000000000e+04
2.880000000000000000e+05 3.695000000000000000e+04
2.900000000000000000e+05 3.589400000000000000e+04
2.920000000000000000e+05 3.491000000000000000e+04
2.940000000000000000e+05 3.314600000000000000e+04
2.960000000000000000e+05 3.217900000000000000e+04
2.980000000000000000e+05 3.035700000000000000e+04
3.000000000000000000e+05 2.891400000000000000e+04
3.020000000000000000e+05 2.757300000000000000e+04
3.040000000000000000e+05 2.634300000000000000e+04
3.060000000000000000e+05 2.493400000000000000e+04
3.080000000000000000e+05 2.331000000000000000e+04
3.100000000000000000e+05 2.223300000000000000e+04
3.120000000000000000e+05 2.044700000000000000e+04
3.140000000000000000e+05 1.953800000000000000e+04
3.160000000000000000e+05 1.832100000000000000e+04
3.180000000000000000e+05 1.698600000000000000e+04
3.200000000000000000e+05 1.635600000000000000e+04
3.220000000000000000e+05 1.511600000000000000e+04
3.240000000000000000e+05 1.428500000000000000e+04
3.260000000000000000e+05 1.344400000000000000e+04
3.280000000000000000e+05 1.312800000000000000e+04
3.300000000000000000e+05 1.270500000000000000e+04
3.320000000000000000e+05 1.196400000000000000e+04
3.340000000000000000e+05 1.179400000000000000e+04
3.360000000000000000e+05 1.170600000000000000e+04
3.380000000000000000e+05 1.160000000000000000e+04
3.400000000000000000e+05 1.134900000000000000e+04
3.420000000000000000e+05 1.166600000000000000e+04
3.440000000000000000e+05 1.175000000000000000e+04
3.460000000000000000e+05 1.226600000000000000e+04
3.480000000000000000e+05 1.255900000000000000e+04
3.500000000000000000e+05 1.332800000000000000e+04
3.520000000000000000e+05 1.420400000000000000e+04
3.540000000000000000e+05 1.491000000000000000e+04
3.560000000000000000e+05 1.563900000000000000e+04
3.580000000000000000e+05 1.640900000000000000e+04
3.600000000000000000e+05 1.741500000000000000e+04
3.620000000000000000e+05 1.891600000000000000e+04
3.640000000000000000e+05 2.002000000000000000e+04
3.660000000000000000e+05 2.150000000000000000e+04
3.680000000000000000e+05 2.287400000000000000e+04
3.700000000000000000e+05 2.433400000000000000e+04
3.720000000000000000e+05 2.558900000000000000e+04
3.740000000000000000e+05 2.703600000000000000e+04
3.760000000000000000e+05 2.842500000000000000e+04
3.780000000000000000e+05 2.997900000000000000e+04
3.800000000000000000e+05 3.129900000000000000e+04
3.820000000000000000e+05 3.295900000000000000e+04
3.840000000000000000e+05 3.433400000000000000e+04
3.860000000000000000e+05 3.558400000000000000e+04
3.880000000000000000e+05 3.662600000000000000e+04
3.900000000000000000e+05 3.816900000000000000e+04
3.920000000000000000e+05 3.952300000000000000e+04
3.940000000000000000e+05 4.036000000000000000e+04
3.960000000000000000e+05 4.141300000000000000e+04
3.980000000000000000e+05 4.256000000000000000e+04
