0.000000000000000000e+00 3.031000000000000000e+04
1.420000000000000000e+02 3.143400000000000000e+04
2.840000000000000000e+02 3.192600000000000000e+04
4.260000000000000000e+02 3.232700000000000000e+04
5.680000000000000000e+02 3.300100000000000000e+04
7.100000000000000000e+02 3.392300000000000000e+04
8.520000000000000000e+02 3.403800000000000000e+04
9.940000000000000000e+02 3.477700000000000000e+04
1.136000000000000000e+03 3.522900000000000000e+04
1.278000000000000000e+03 3.562300000000000000e+04
1.420000000000000000e+03 3.606000000000000000e+04
1.562000000000000000e+03 3.656100000000000000e+04
1.704000000000000000e+03 3.671200000000000000e+04
1.846000000000000000e+03 3.724600000000000000e+04
1.988000000000000000e+03 3.728200000000000000e+04
2.130000000000000000e+03 3.717100000000000000e+04
2.272000000000000000e+03 3.740500000000000000e+04
2.414000000000000000e+03 3.768700000000000000e+04
2.556000000000000000e+03 3.745300000000000000e+04
2.698000000000000000e+03 3.761000000000000000e+04
2.840000000000000000e+03 3.750700000000000000e+04
2.982000000000000000e+03 3.731400000000000000e+04
3.124000000000000000e+03 3.726200000000000000e+04
3.266000000000000000e+03 3.713900000000000000e+04
3.408000000000000000e+03 3.725100000000000000e+04
3.550000000000000000e+03 3.676300000000000000e+04
3.692000000000000000e+03 3.693500000000000000e+04
3.834000000000000000e+03 3.643800000000000000e+04
3.976000000000000000e+03 3.672900000000000000e+04
4.118000000000000000e+03 3.616400000000000000e+04
4.260000000000000000e+03 3.629200000000000000e+04
4.402000000000000000e+03 3.598200000000000000e+04
4.544000000000000000e+03 3.550300000000000000e+04
4.686000000000000000e+03 3.465500000000000000e+04
4.828000000000000000e+03 3.413500000000000000e+04
4.970000000000000000e+03 3.337800000000000000e+04
5.112000000000000000e+03 3.304300000000000000e+04
5.254000000000000000e+03 3.254400000000000000e+04
5.396000000000000000e+03 3.167500000000000000e+04
5.538000000000000000e+03 3.056800000000000000e+04
5.680000000000000000e+03 3.031400000000000000e+04
5.822000000000000000e+03 2.922300000000000000e+04
5.964000000000000000e+03 2.832200000000000000e+04
6.106000000000000000e+03 2.763800000000000000e+04
6.248000000000000000e+03 2.682500000000000000e+04
6.390000000000000000e+03 2.586000000000000000e+04
6.532000000000000000e+03 2.479400000000000000e+04
6.674000000000000000e+03 2.374000000000000000e+04
6.816000000000000000e+03 2.246700000000000000e+04
6.958000000000000000e+03 2.169400000000000000e+04
7.100000000000000000e+03 2.051300000000000000e+04
7.242000000000000000e+03 1.918000000000000000e+04
7.384000000000000000e+03 1.816000000000000000e+04
7.526000000000000000e+03 1.729100000000000000e+04
7.668000000000000000e+03 1.618900000000000000e+04
7.810000000000000000e+03 1.505100000000000000e+04
7.952000000000000000e+03 1.390700000000000000e+04
8.094000000000000000e+03 1.314000000000000000e+04
8.236000000000000000e+03 1.250400000000000000e+04
8.378000000000000000e+03 1.147200000000000000e+04
8.520000000000000000e+03 1.076100000000000000e+04
8.662000000000000000e+03 9.969000000000000000e+03
8.804000000000000000e+03 9.501000000000000000e+03
8.946000000000000000e+03 8.741000000000000000e+03
9.088000000000000000e+03 8.094000000000000000e+03
9.230000000000000000e+03 7.894000000000000000e+03
9.372000000000000000e+03 7.413000000000000000e+03
9.514000000000000000e+03 6.981000000000000000e+03
9.656000000000000000e+03 6.797000000000000000e+03
9.798000000000000000e+03 6.447000000000000000e+03
9.940000000000000000e+03 6.447000000000000000e+03
1.008200000000000000e+04 6.361000000000000000e+03
1.022400000000000000e+04 6.320000000000000000e+03
1.036600000000000000e+04 6.418000000000000000e+03
1.050800000000000000e+04 6.453000000000000000e+03
1.065000000000000000e+04 6.718000000000000000e+03
1.079200000000000000e+04 6.962000000000000000e+03
1.093400000000000000e+04 7.336000000000000000e+03
1.107600000000000000e+04 7.645000000000000000e+03
1.121800000000000000e+04 8.293000000000000000e+03
1.136000000000000000e+04 9.031000000000000000e+03
1.150200000000000000e+04 9.314000000000000000e+03
1.164400000000000000e+04 1.040600000000000000e+04
1.178600000000000000e+04 1.110000000000000000e+04
1.192800000000000000e+04 1.202200000000000000e+04
1.207000000000000000e+04 1.287800000000000000e+04
1.221200000000000000e+04 1.394900000000000000e+04
1.235400000000000000e+04 1.523500000000000000e+04
1.249600000000000000e+04 1.629300000000000000e+04
1.263800000000000000e+04 1.749300000000000000e+04
1.278000000000000000e+04 1.856000000000000000e+04
1.292200000000000000e+04 1.985000000000000000e+04
1.306400000000000000e+04 2.127300000000000000e+04
1.320600000000000000e+04 2.229300000000000000e+04
1.334800000000000000e+04 2.356100000000000000e+04
1.349000000000000000e+04 2.440800000000000000e+04
1.363200000000000000e+04 2.600000000000000000e+04
1.377400000000000000e+04 2.704000000000000000e+04
1.391600000000000000e+04 2.795200000000000000e+04
1.405800000000000000e+04 2.837200000000000000e+04
1.420000000000000000e+04 2.989800000000000000e+04
1.434200000000000000e+04 3.045200000000000000e+04
1.448400000000000000e+04 3.167900000000000000e+04
1.462600000000000000e+04 3.201300000000000000e+04
1.476800000000000000e+04 3.270900000000000000e+04
1.491000000000000000e+04 3.325800000000000000e+04
1.505200000000000000e+04 3.387000000000000000e+04
1.519400000000000000e+04 3.446300000000000000e+04
1.533600000000000000e+04 3.525300000000000000e+04
1.547800000000000000e+04 3.533600000000000000e+04
1.562000000000000000e+04 3.579100000000000000e+04
1.576200000000000000e+04 3.594600000000000000e+04
1.590400000000000000e+04 3.663100000000000000e+04
1.604600000000000000e+04 3.680600000000000000e+04
1.618800000000000000e+04 3.704000000000000000e+04
1.633000000000000000e+04 3.748200000000000000e+04
1.647200000000000000e+04 3.725900000000000000e+04
1.661400000000000000e+04 3.775300000000000000e+04
1.675600000000000000e+04 3.734800000000000000e+04
1.689800000000000000e+04 3.752100000000000000e+04
1.704000000000000000e+04 3.794500000000000000e+04
1.718200000000000000e+04 3.757600000000000000e+04
1.732400000000000000e+04 3.743000000000000000e+04
1.746600000000000000e+04 3.728500000000000000e+04
1.760800000000000000e+04 3.736000000000000000e+04
1.775000000000000000e+04 3.688200000000000000e+04
1.789200000000000000e+04 3.650100000000000000e+04
1.803400000000000000e+04 3.702000000000000000e+04
1.817600000000000000e+04 3.688000000000000000e+04
1.831800000000000000e+04 3.636700000000000000e+04
1.846000000000000000e+04 3.587500000000000000e+04
1.860200000000000000e+04 3.564900000000000000e+04
1.874400000000000000e+04 3.571400000000000000e+04
1.888600000000000000e+04 3.505400000000000000e+04
1.902800000000000000e+04 3.441300000000000000e+04
1.917000000000000000e+04 3.441500000000000000e+04
1.931200000000000000e+04 3.357300000000000000e+04
1.945400000000000000e+04 3.264500000000000000e+04
1.959600000000000000e+04 3.208500000000000000e+04
1.973800000000000000e+04 3.140900000000000000e+04
1.988000000000000000e+04 3.087500000000000000e+04
2.002200000000000000e+04 2.974800000000000000e+04
2.016400000000000000e+04 2.878500000000000000e+04
2.030600000000000000e+04 2.814500000000000000e+04
2.044800000000000000e+04 2.727000000000000000e+04
2.059000000000000000e+04 2.628800000000000000e+04
2.073200000000000000e+04 2.521300000000000000e+04
2.087400000000000000e+04 2.417000000000000000e+04
2.101600000000000000e+04 2.330400000000000000e+04
2.115800000000000000e+04 2.225900000000000000e+04
2.130000000000000000e+04 2.115700000000000000e+04
2.144200000000000000e+04 2.012900000000000000e+04
2.158400000000000000e+04 1.913900000000000000e+04
2.172600000000000000e+04 1.782800000000000000e+04
2.186800000000000000e+04 1.679200000000000000e+04
2.201000000000000000e+04 1.589600000000000000e+04
2.215200000000000000e+04 1.450000000000000000e+04
2.229400000000000000e+04 1.357700000000000000e+04
2.243600000000000000e+04 1.290100000000000000e+04
2.257800000000000000e+04 1.189900000000000000e+04
2.272000000000000000e+04 1.109500000000000000e+04
2.286200000000000000e+04 1.059100000000000000e+04
2.300400000000000000e+04 9.869000000000000000e+03
2.314600000000000000e+04 8.996000000000000000e+03
2.328800000000000000e+04 8.476000000000000000e+03
2.343000000000000000e+04 7.861000000000000000e+03
2.357200000000000000e+04 7.789000000000000000e+03
2.371400000000000000e+04 7.265000000000000000e+03
2.385600000000000000e+04 6.992000000000000000e+03
2.399800000000000000e+04 6.791000000000000000e+03
2.414000000000000000e+04 6.458000000000000000e+03
2.428200000000000000e+04 6.404000000000000000e+03
2.442400000000000000e+04 6.299000000000000000e+03
2.456600000000000000e+04 6.425000000000000000e+03
2.470800000000000000e+04 6.444000000000000000e+03
2.485000000000000000e+04 6.467000000000000000e+03
2.499200000000000000e+04 6.632000000000000000e+03
2.513400000000000000e+04 7.111000000000000000e+03
2.527600000000000000e+04 7.681000000000000000e+03
2.541800000000000000e+04 7.993000000000000000e+03
2.556000000000000000e+04 8.544000000000000000e+03
2.570200000000000000e+04 8.987000000000000000e+03
2.584400000000000000e+04 9.717000000000000000e+03
2.598600000000000000e+04 1.069700000000000000e+04
2.612800000000000000e+04 1.148100000000000000e+04
2.627000000000000000e+04 1.228500000000000000e+04
2.641200000000000000e+04 1.352900000000000000e+04
2.655400000000000000e+04 1.466000000000000000e+04
2.669600000000000000e+04 1.555000000000000000e+04
2.683800000000000000e+04 1.688900000000000000e+04
2.698000000000000000e+04 1.803600000000000000e+04
2.712200000000000000e+04 1.921800000000000000e+04
2.726400000000000000e+04 2.044800000000000000e+04
2.740600000000000000e+04 2.168600000000000000e+04
2.754800000000000000e+04 2.277000000000000000e+04
2.769000000000000000e+04 2.416700000000000000e+04
2.783200000000000000e+04 2.526700000000000000e+04
2.797400000000000000e+04 2.626600000000000000e+04
2.811600000000000000e+04 2.720400000000000000e+04
2.825800000000000000e+04 2.820600000000000000e+04
2.840000000000000000e+04 2.907700000000000000e+04
