0.000000000000000000e+00 1.634310000000000000e+05
4.995833333333333570e+00 1.668270000000000000e+05
9.991666666666667140e+00 1.706810000000000000e+05
1.498750000000000071e+01 1.746940000000000000e+05
1.998333333333333428e+01 1.788830000000000000e+05
2.497916666666666785e+01 1.834190000000000000e+05
2.997500000000000142e+01 1.866760000000000000e+05
3.497083333333333144e+01 1.913250000000000000e+05
3.996666666666666856e+01 1.961830000000000000e+05
4.496250000000000568e+01 2.009460000000000000e+05
4.995833333333333570e+01 2.045060000000000000e+05
5.495416666666666572e+01 2.087090000000000000e+05
5.995000000000000284e+01 2.130320000000000000e+05
6.494583333333333997e+01 2.167410000000000000e+05
6.994166666666666288e+01 2.199790000000000000e+05
7.493750000000000000e+01 2.257710000000000000e+05
7.993333333333333712e+01 2.294390000000000000e+05
8.492916666666667425e+01 2.324100000000000000e+05
8.992500000000001137e+01 2.357310000000000000e+05
9.492083333333333428e+01 2.395950000000000000e+05
9.991666666666667140e+01 2.424360000000000000e+05
1.049125000000000085e+02 2.449950000000000000e+05
1.099083333333333314e+02 2.471720000000000000e+05
1.149041666666666686e+02 2.503120000000000000e+05
1.199000000000000057e+02 2.529060000000000000e+05
1.248958333333333428e+02 2.553850000000000000e+05
1.298916666666666799e+02 2.575150000000000000e+05
1.348875000000000171e+02 2.599040000000000000e+05
1.398833333333333258e+02 2.602140000000000000e+05
1.448791666666666629e+02 2.625390000000000000e+05
1.498750000000000000e+02 2.645240000000000000e+05
1.548708333333333371e+02 2.645570000000000000e+05
1.598666666666666742e+02 2.652450000000000000e+05
1.648625000000000114e+02 2.659560000000000000e+05
1.698583333333333485e+02 2.657420000000000000e+05
1.748541666666666856e+02 2.666840000000000000e+05
1.798500000000000227e+02 2.667730000000000000e+05
1.848458333333333314e+02 2.668580000000000000e+05
1.898416666666666686e+02 2.648090000000000000e+05
1.948375000000000057e+02 2.659170000000000000e+05
1.998333333333333428e+02 2.652600000000000000e+05
2.048291666666666799e+02 2.638320000000000000e+05
2.098250000000000171e+02 2.609730000000000000e+05
2.148208333333333542e+02 2.601970000000000000e+05
2.198166666666666629e+02 2.573240000000000000e+05
2.248125000000000000e+02 2.556970000000000000e+05
2.298083333333333371e+02 2.536070000000000000e+05
2.348041666666666742e+02 2.510120000000000000e+05
2.398000000000000114e+02 2.482920000000000000e+05
2.447958333333333485e+02 2.459850000000000000e+05
2.497916666666666856e+02 2.418110000000000000e+05
2.547875000000000227e+02 2.387490000000000000e+05
2.597833333333333599e+02 2.360300000000000000e+05
2.647791666666666970e+02 2.330130000000000000e+05
2.697750000000000341e+02 2.287550000000000000e+05
2.747708333333333712e+02 2.247710000000000000e+05
2.797666666666666515e+02 2.231700000000000000e+05
2.847624999999999886e+02 2.168990000000000000e+05
2.897583333333333258e+02 2.134510000000000000e+05
2.947541666666666629e+02 2.095060000000000000e+05
2.997500000000000000e+02 2.053830000000000000e+05
3.047458333333333371e+02 2.022020000000000000e+05
3.097416666666666742e+02 1.978670000000000000e+05
3.147375000000000114e+02 1.942660000000000000e+05
3.197333333333333485e+02 1.905910000000000000e+05
3.247291666666666856e+02 1.861150000000000000e+05
3.297250000000000227e+02 1.828760000000000000e+05
3.347208333333333599e+02 1.794520000000000000e+05
3.397166666666666970e+02 1.757930000000000000e+05
3.447125000000000341e+02 1.712730000000000000e+05
3.497083333333333712e+02 1.690120000000000000e+05
3.547041666666667084e+02 1.654210000000000000e+05
3.597000000000000455e+02 1.626890000000000000e+05
3.646958333333333258e+02 1.603210000000000000e+05
3.696916666666666629e+02 1.564410000000000000e+05
3.746875000000000000e+02 1.540500000000000000e+05
3.796833333333333371e+02 1.511810000000000000e+05
3.846791666666666742e+02 1.483000000000000000e+05
3.896750000000000114e+02 1.469190000000000000e+05
3.946708333333333485e+02 1.442660000000000000e+05
3.996666666666666856e+02 1.427860000000000000e+05
4.046625000000000227e+02 1.403670000000000000e+05
4.096583333333333599e+02 1.401990000000000000e+05
4.146541666666666970e+02 1.386990000000000000e+05
4.196500000000000341e+02 1.383970000000000000e+05
4.246458333333333712e+02 1.376660000000000000e+05
4.296416666666667084e+02 1.371440000000000000e+05
4.346375000000000455e+02 1.369730000000000000e+05
4.396333333333333258e+02 1.383130000000000000e+05
4.446291666666666629e+02 1.377620000000000000e+05
4.496250000000000000e+02 1.380900000000000000e+05
4.546208333333333371e+02 1.394740000000000000e+05
4.596166666666666742e+02 1.406640000000000000e+05
4.646125000000000114e+02 1.428760000000000000e+05
4.696083333333333485e+02 1.450810000000000000e+05
4.746041666666666856e+02 1.466980000000000000e+05
4.796000000000000227e+02 1.492630000000000000e+05
4.845958333333333599e+02 1.523570000000000000e+05
4.895916666666666970e+02 1.554030000000000000e+05
4.945875000000000341e+02 1.583640000000000000e+05
4.995833333333333712e+02 1.620240000000000000e+05
5.045791666666667084e+02 1.656390000000000000e+05
5.095750000000000455e+02 1.695220000000000000e+05
5.145708333333333258e+02 1.742300000000000000e+05
5.195666666666667197e+02 1.776360000000000000e+05
5.245625000000000000e+02 1.823190000000000000e+05
5.295583333333333940e+02 1.877060000000000000e+05
5.345541666666666742e+02 1.906790000000000000e+05
5.395500000000000682e+02 1.950320000000000000e+05
5.445458333333333485e+02 1.998750000000000000e+05
5.495416666666667425e+02 2.035810000000000000e+05
5.545375000000000227e+02 2.092190000000000000e+05
5.595333333333333030e+02 2.125760000000000000e+05
5.645291666666666970e+02 2.169550000000000000e+05
5.695249999999999773e+02 2.221250000000000000e+05
5.745208333333333712e+02 2.249690000000000000e+05
5.795166666666666515e+02 2.282800000000000000e+05
5.845125000000000455e+02 2.315230000000000000e+05
5.895083333333333258e+02 2.356930000000000000e+05
5.945041666666667197e+02 2.393160000000000000e+05
5.995000000000000000e+02 2.422300000000000000e+05
6.044958333333333940e+02 2.448640000000000000e+05
6.094916666666666742e+02 2.459870000000000000e+05
6.144875000000000682e+02 2.498460000000000000e+05
6.194833333333333485e+02 2.522980000000000000e+05
6.244791666666667425e+02 2.551370000000000000e+05
6.294750000000000227e+02 2.561500000000000000e+05
6.344708333333334167e+02 2.584000000000000000e+05
6.394666666666666970e+02 2.607630000000000000e+05
6.444624999999999773e+02 2.622810000000000000e+05
6.494583333333333712e+02 2.626400000000000000e+05
6.544541666666666515e+02 2.632330000000000000e+05
6.594500000000000455e+02 2.651340000000000000e+05
6.644458333333333258e+02 2.666040000000000000e+05
6.694416666666667197e+02 2.663870000000000000e+05
6.744375000000000000e+02 2.649850000000000000e+05
6.794333333333333940e+02 2.657620000000000000e+05
6.844291666666666742e+02 2.652700000000000000e+05
6.894250000000000682e+02 2.653670000000000000e+05
6.944208333333333485e+02 2.648920000000000000e+05
6.994166666666667425e+02 2.631730000000000000e+05
7.044125000000000227e+02 2.623020000000000000e+05
7.094083333333334167e+02 2.616330000000000000e+05
7.144041666666666970e+02 2.599320000000000000e+05
7.194000000000000909e+02 2.576930000000000000e+05
7.243958333333333712e+02 2.557810000000000000e+05
7.293916666666666515e+02 2.532490000000000000e+05
7.343875000000000455e+02 2.512460000000000000e+05
7.393833333333333258e+02 2.478880000000000000e+05
7.443791666666667197e+02 2.453970000000000000e+05
7.493750000000000000e+02 2.417730000000000000e+05
7.543708333333333940e+02 2.402830000000000000e+05
7.593666666666666742e+02 2.362640000000000000e+05
7.643625000000000682e+02 2.324250000000000000e+05
7.693583333333333485e+02 2.291620000000000000e+05
7.743541666666667425e+02 2.248240000000000000e+05
7.793500000000000227e+02 2.209420000000000000e+05
7.843458333333334167e+02 2.174030000000000000e+05
7.893416666666666970e+02 2.132980000000000000e+05
7.943375000000000909e+02 2.098290000000000000e+05
7.993333333333333712e+02 2.064870000000000000e+05
8.043291666666666515e+02 2.023010000000000000e+05
8.093250000000000455e+02 1.975570000000000000e+05
8.143208333333333258e+02 1.949120000000000000e+05
8.193166666666667197e+02 1.894100000000000000e+05
8.243125000000000000e+02 1.868740000000000000e+05
8.293083333333333940e+02 1.836490000000000000e+05
8.343041666666666742e+02 1.792310000000000000e+05
8.393000000000000682e+02 1.761070000000000000e+05
8.442958333333333485e+02 1.718750000000000000e+05
8.492916666666667425e+02 1.691070000000000000e+05
8.542875000000000227e+02 1.649130000000000000e+05
8.592833333333334167e+02 1.627120000000000000e+05
8.642791666666666970e+02 1.604820000000000000e+05
8.692750000000000909e+02 1.573000000000000000e+05
8.742708333333333712e+02 1.547270000000000000e+05
8.792666666666666515e+02 1.510760000000000000e+05
8.842625000000000455e+02 1.492150000000000000e+05
8.892583333333333258e+02 1.471640000000000000e+05
8.942541666666667197e+02 1.452990000000000000e+05
8.992500000000000000e+02 1.435960000000000000e+05
9.042458333333333940e+02 1.418570000000000000e+05
9.092416666666666742e+02 1.407270000000000000e+05
9.142375000000000682e+02 1.392830000000000000e+05
9.192333333333333485e+02 1.379360000000000000e+05
9.242291666666667425e+02 1.380680000000000000e+05
9.292250000000000227e+02 1.373020000000000000e+05
9.342208333333334167e+02 1.373180000000000000e+05
9.392166666666666970e+02 1.375280000000000000e+05
9.442125000000000909e+02 1.371990000000000000e+05
9.492083333333333712e+02 1.389440000000000000e+05
9.542041666666667652e+02 1.399140000000000000e+05
9.592000000000000455e+02 1.407410000000000000e+05
9.641958333333333258e+02 1.431260000000000000e+05
9.691916666666667197e+02 1.444280000000000000e+05
9.741875000000000000e+02 1.470610000000000000e+05
9.791833333333333940e+02 1.496520000000000000e+05
9.841791666666666742e+02 1.520210000000000000e+05
9.891750000000000682e+02 1.556640000000000000e+05
9.941708333333333485e+02 1.596760000000000000e+05
