0.000000000000000000e+00 1.119001000000000000e+06
5.000000000000000278e-02 1.120449000000000000e+06
1.000000000000000056e-01 1.118479000000000000e+06
1.500000000000000222e-01 1.120145000000000000e+06
2.000000000000000111e-01 1.116363000000000000e+06
2.500000000000000000e-01 1.117707000000000000e+06
3.000000000000000444e-01 1.118449000000000000e+06
3.500000000000000333e-01 1.118007000000000000e+06
4.000000000000000222e-01 1.119654000000000000e+06
4.500000000000000111e-01 1.121203000000000000e+06
5.000000000000000000e-01 1.122424000000000000e+06
5.500000000000000444e-01 1.119176000000000000e+06
6.000000000000000888e-01 1.119115000000000000e+06
6.500000000000000222e-01 1.116959000000000000e+06
7.000000000000000666e-01 1.121468000000000000e+06
7.500000000000000000e-01 1.120406000000000000e+06
8.000000000000000444e-01 1.118990000000000000e+06
8.500000000000000888e-01 1.116377000000000000e+06
9.000000000000000222e-01 1.119748000000000000e+06
9.500000000000000666e-01 1.119498000000000000e+06
1.000000000000000000e+00 1.119612000000000000e+06
1.050000000000000044e+00 1.119841000000000000e+06
1.100000000000000089e+00 1.120296000000000000e+06
1.150000000000000133e+00 1.119747000000000000e+06
1.200000000000000178e+00 1.120550000000000000e+06
1.250000000000000000e+00 1.119159000000000000e+06
1.300000000000000044e+00 1.121051000000000000e+06
1.350000000000000089e+00 1.121528000000000000e+06
1.400000000000000133e+00 1.120841000000000000e+06
1.450000000000000178e+00 1.121277000000000000e+06
1.500000000000000000e+00 1.120560000000000000e+06
1.550000000000000044e+00 1.121574000000000000e+06
1.600000000000000089e+00 1.121583000000000000e+06
1.650000000000000133e+00 1.121667000000000000e+06
1.700000000000000178e+00 1.122438000000000000e+06
1.750000000000000000e+00 1.122357000000000000e+06
1.800000000000000044e+00 1.121868000000000000e+06
1.850000000000000089e+00 1.121824000000000000e+06
1.900000000000000133e+00 1.123030000000000000e+06
1.950000000000000178e+00 1.124371000000000000e+06
2.000000000000000000e+00 1.121998000000000000e+06
2.050000000000000266e+00 1.123190000000000000e+06
2.100000000000000089e+00 1.123493000000000000e+06
2.149999999999999911e+00 1.123833000000000000e+06
2.200000000000000178e+00 1.121351000000000000e+06
2.250000000000000000e+00 1.121016000000000000e+06
2.300000000000000266e+00 1.122085000000000000e+06
2.350000000000000089e+00 1.122198000000000000e+06
2.400000000000000355e+00 1.122452000000000000e+06
2.450000000000000178e+00 1.122881000000000000e+06
2.500000000000000000e+00 1.124573000000000000e+06
2.550000000000000266e+00 1.123349000000000000e+06
2.600000000000000089e+00 1.122946000000000000e+06
2.650000000000000355e+00 1.124013000000000000e+06
2.700000000000000178e+00 1.124139000000000000e+06
2.750000000000000000e+00 1.123639000000000000e+06
2.800000000000000266e+00 1.122108000000000000e+06
2.850000000000000089e+00 1.123612000000000000e+06
2.900000000000000355e+00 1.121960000000000000e+06
2.950000000000000178e+00 1.122093000000000000e+06
3.000000000000000000e+00 1.122732000000000000e+06
3.050000000000000266e+00 1.122947000000000000e+06
3.100000000000000089e+00 1.123627000000000000e+06
3.150000000000000355e+00 1.121369000000000000e+06
3.200000000000000178e+00 1.122098000000000000e+06
3.250000000000000000e+00 1.122059000000000000e+06
3.300000000000000266e+00 1.123040000000000000e+06
3.350000000000000089e+00 1.122738000000000000e+06
3.400000000000000355e+00 1.120833000000000000e+06
3.450000000000000178e+00 1.122570000000000000e+06
3.500000000000000000e+00 1.122054000000000000e+06
3.550000000000000266e+00 1.121473000000000000e+06
3.600000000000000089e+00 1.122136000000000000e+06
3.650000000000000355e+00 1.121640000000000000e+06
3.700000000000000178e+00 1.120631000000000000e+06
3.750000000000000000e+00 1.124455000000000000e+06
3.800000000000000266e+00 1.122122000000000000e+06
3.850000000000000089e+00 1.122770000000000000e+06
3.900000000000000355e+00 1.121379000000000000e+06
3.950000000000000178e+00 1.121688000000000000e+06
4.000000000000000000e+00 1.120557000000000000e+06
4.049999999999999822e+00 1.122732000000000000e+06
4.100000000000000533e+00 1.120678000000000000e+06
4.150000000000000355e+00 1.121225000000000000e+06
4.200000000000000178e+00 1.119935000000000000e+06
4.250000000000000000e+00 1.121013000000000000e+06
4.299999999999999822e+00 1.118858000000000000e+06
4.350000000000000533e+00 1.118972000000000000e+06
4.400000000000000355e+00 1.119513000000000000e+06
4.450000000000000178e+00 1.119435000000000000e+06
4.500000000000000000e+00 1.119416000000000000e+06
4.549999999999999822e+00 1.120290000000000000e+06
4.600000000000000533e+00 1.118274000000000000e+06
4.650000000000000355e+00 1.119900000000000000e+06
4.700000000000000178e+00 1.118742000000000000e+06
4.750000000000000000e+00 1.118129000000000000e+06
4.800000000000000711e+00 1.118144000000000000e+06
4.850000000000000533e+00 1.118180000000000000e+06
4.900000000000000355e+00 1.117966000000000000e+06
4.950000000000000178e+00 1.120143000000000000e+06
5.000000000000000000e+00 1.119793000000000000e+06
5.050000000000000711e+00 1.118139000000000000e+06
5.100000000000000533e+00 1.118214000000000000e+06
5.150000000000000355e+00 1.118998000000000000e+06
5.200000000000000178e+00 1.117705000000000000e+06
5.250000000000000000e+00 1.120295000000000000e+06
5.300000000000000711e+00 1.116760000000000000e+06
5.350000000000000533e+00 1.117385000000000000e+06
5.400000000000000355e+00 1.119185000000000000e+06
5.450000000000000178e+00 1.119175000000000000e+06
5.500000000000000000e+00 1.119710000000000000e+06
5.550000000000000711e+00 1.121566000000000000e+06
5.600000000000000533e+00 1.118727000000000000e+06
5.650000000000000355e+00 1.119378000000000000e+06
5.700000000000000178e+00 1.119510000000000000e+06
5.750000000000000000e+00 1.119212000000000000e+06
5.800000000000000711e+00 1.118184000000000000e+06
5.850000000000000533e+00 1.119269000000000000e+06
5.900000000000000355e+00 1.119291000000000000e+06
5.950000000000000178e+00 1.119669000000000000e+06
6.000000000000000000e+00 1.119785000000000000e+06
6.050000000000000711e+00 1.120956000000000000e+06
6.100000000000000533e+00 1.120235000000000000e+06
6.150000000000000355e+00 1.120235000000000000e+06
6.200000000000000178e+00 1.118953000000000000e+06
6.250000000000000000e+00 1.120083000000000000e+06
6.300000000000000711e+00 1.122277000000000000e+06
6.350000000000000533e+00 1.118497000000000000e+06
6.400000000000000355e+00 1.120628000000000000e+06
6.450000000000000178e+00 1.121560000000000000e+06
6.500000000000000000e+00 1.120437000000000000e+06
6.550000000000000711e+00 1.121515000000000000e+06
6.600000000000000533e+00 1.121561000000000000e+06
6.650000000000000355e+00 1.125245000000000000e+06
6.700000000000000178e+00 1.121360000000000000e+06
6.750000000000000000e+00 1.120908000000000000e+06
6.800000000000000711e+00 1.124514000000000000e+06
6.850000000000000533e+00 1.122192000000000000e+06
6.900000000000000355e+00 1.122043000000000000e+06
6.950000000000000178e+00 1.123273000000000000e+06
7.000000000000000000e+00 1.123424000000000000e+06
7.050000000000000711e+00 1.121140000000000000e+06
7.100000000000000533e+00 1.122347000000000000e+06
7.150000000000000355e+00 1.125100000000000000e+06
7.200000000000000178e+00 1.122465000000000000e+06
7.250000000000000000e+00 1.123626000000000000e+06
7.300000000000000711e+00 1.123129000000000000e+06
7.350000000000000533e+00 1.123326000000000000e+06
7.400000000000000355e+00 1.124022000000000000e+06
7.450000000000000178e+00 1.122132000000000000e+06
7.500000000000000000e+00 1.123237000000000000e+06
7.550000000000000711e+00 1.123707000000000000e+06
7.600000000000000533e+00 1.123523000000000000e+06
7.650000000000000355e+00 1.123961000000000000e+06
7.700000000000000178e+00 1.123686000000000000e+06
7.750000000000000000e+00 1.123815000000000000e+06
7.800000000000000711e+00 1.123592000000000000e+06
7.850000000000000533e+00 1.123953000000000000e+06
7.900000000000000355e+00 1.124975000000000000e+06
7.950000000000000178e+00 1.124099000000000000e+06
8.000000000000000000e+00 1.124187000000000000e+06
8.050000000000000711e+00 1.123084000000000000e+06
8.099999999999999645e+00 1.120228000000000000e+06
8.150000000000000355e+00 1.122851000000000000e+06
8.200000000000001066e+00 1.122749000000000000e+06
8.250000000000000000e+00 1.123641000000000000e+06
8.300000000000000711e+00 1.123550000000000000e+06
8.349999999999999645e+00 1.122985000000000000e+06
8.400000000000000355e+00 1.123179000000000000e+06
8.450000000000001066e+00 1.121415000000000000e+06
8.500000000000000000e+00 1.121241000000000000e+06
8.550000000000000711e+00 1.122388000000000000e+06
8.599999999999999645e+00 1.123260000000000000e+06
8.650000000000000355e+00 1.119042000000000000e+06
8.700000000000001066e+00 1.121724000000000000e+06
8.750000000000000000e+00 1.121328000000000000e+06
8.800000000000000711e+00 1.120020000000000000e+06
8.849999999999999645e+00 1.121353000000000000e+06
8.900000000000000355e+00 1.122867000000000000e+06
8.950000000000001066e+00 1.121866000000000000e+06
9.000000000000000000e+00 1.121440000000000000e+06
9.050000000000000711e+00 1.123566000000000000e+06
9.099999999999999645e+00 1.122322000000000000e+06
9.150000000000000355e+00 1.122094000000000000e+06
9.200000000000001066e+00 1.118898000000000000e+06
9.250000000000000000e+00 1.119800000000000000e+06
9.300000000000000711e+00 1.118766000000000000e+06
9.349999999999999645e+00 1.119872000000000000e+06
9.400000000000000355e+00 1.120364000000000000e+06
9.450000000000001066e+00 1.121130000000000000e+06
9.500000000000000000e+00 1.121408000000000000e+06
9.550000000000000711e+00 1.119646000000000000e+06
9.600000000000001421e+00 1.121724000000000000e+06
9.650000000000000355e+00 1.119486000000000000e+06
9.700000000000001066e+00 1.119168000000000000e+06
9.750000000000000000e+00 1.117099000000000000e+06
9.800000000000000711e+00 1.117849000000000000e+06
9.850000000000001421e+00 1.117974000000000000e+06
9.900000000000000355e+00 1.121426000000000000e+06
9.950000000000001066e+00 1.116619000000000000e+06
