0.000000000000000000e+00 2.402997000000000000e+06
2.000000000000000111e-01 2.398393000000000000e+06
4.000000000000000222e-01 2.398885000000000000e+06
6.000000000000000888e-01 2.400178000000000000e+06
8.000000000000000444e-01 2.400629000000000000e+06
1.000000000000000000e+00 2.400968000000000000e+06
1.200000000000000178e+00 2.399722000000000000e+06
1.400000000000000133e+00 2.400534000000000000e+06
1.600000000000000089e+00 2.401047000000000000e+06
1.800000000000000044e+00 2.401011000000000000e+06
2.000000000000000000e+00 2.400731000000000000e+06
2.200000000000000178e+00 2.400606000000000000e+06
2.400000000000000355e+00 2.403409000000000000e+06
2.600000000000000089e+00 2.403055000000000000e+06
2.800000000000000266e+00 2.403338000000000000e+06
3.000000000000000000e+00 2.403615000000000000e+06
3.200000000000000178e+00 2.404570000000000000e+06
3.400000000000000355e+00 2.405852000000000000e+06
3.600000000000000089e+00 2.405515000000000000e+06
3.800000000000000266e+00 2.406147000000000000e+06
4.000000000000000000e+00 2.409169000000000000e+06
4.200000000000000178e+00 2.407241000000000000e+06
4.400000000000000355e+00 2.411974000000000000e+06
4.600000000000000533e+00 2.411374000000000000e+06
4.800000000000000711e+00 2.411069000000000000e+06
5.000000000000000000e+00 2.415089000000000000e+06
5.200000000000000178e+00 2.412722000000000000e+06
5.400000000000000355e+00 2.417861000000000000e+06
5.600000000000000533e+00 2.415246000000000000e+06
5.800000000000000711e+00 2.419252000000000000e+06
6.000000000000000000e+00 2.417602000000000000e+06
6.200000000000000178e+00 2.416602000000000000e+06
6.400000000000000355e+00 2.418501000000000000e+06
6.600000000000000533e+00 2.421945000000000000e+06
6.800000000000000711e+00 2.419425000000000000e+06
7.000000000000000000e+00 2.423591000000000000e+06
7.200000000000000178e+00 2.422917000000000000e+06
7.400000000000000355e+00 2.426553000000000000e+06
7.600000000000000533e+00 2.421879000000000000e+06
7.800000000000000711e+00 2.425331000000000000e+06
8.000000000000000000e+00 2.426199000000000000e+06
8.200000000000001066e+00 2.427049000000000000e+06
8.400000000000000355e+00 2.431947000000000000e+06
8.599999999999999645e+00 2.430233000000000000e+06
8.800000000000000711e+00 2.428631000000000000e+06
9.000000000000000000e+00 2.431672000000000000e+06
9.200000000000001066e+00 2.429966000000000000e+06
9.400000000000000355e+00 2.433086000000000000e+06
9.600000000000001421e+00 2.431431000000000000e+06
9.800000000000000711e+00 2.431799000000000000e+06
1.000000000000000000e+01 2.429235000000000000e+06
1.020000000000000107e+01 2.431991000000000000e+06
1.040000000000000036e+01 2.430317000000000000e+06
1.060000000000000142e+01 2.430537000000000000e+06
1.080000000000000071e+01 2.431869000000000000e+06
1.100000000000000000e+01 2.431715000000000000e+06
1.120000000000000107e+01 2.429453000000000000e+06
1.140000000000000036e+01 2.430001000000000000e+06
1.160000000000000142e+01 2.429541000000000000e+06
1.180000000000000071e+01 2.428343000000000000e+06
1.200000000000000000e+01 2.426918000000000000e+06
1.220000000000000107e+01 2.430684000000000000e+06
1.240000000000000036e+01 2.427846000000000000e+06
1.260000000000000142e+01 2.426053000000000000e+06
1.280000000000000071e+01 2.425591000000000000e+06
1.300000000000000000e+01 2.426282000000000000e+06
1.320000000000000107e+01 2.423383000000000000e+06
1.340000000000000036e+01 2.423698000000000000e+06
1.360000000000000142e+01 2.422430000000000000e+06
1.380000000000000071e+01 2.423594000000000000e+06
1.400000000000000000e+01 2.421928000000000000e+06
1.420000000000000107e+01 2.420246000000000000e+06
1.440000000000000036e+01 2.418004000000000000e+06
1.460000000000000142e+01 2.416776000000000000e+06
1.480000000000000071e+01 2.420307000000000000e+06
1.500000000000000000e+01 2.417832000000000000e+06
1.520000000000000107e+01 2.416192000000000000e+06
1.540000000000000036e+01 2.413046000000000000e+06
1.560000000000000142e+01 2.414740000000000000e+06
1.580000000000000071e+01 2.410793000000000000e+06
1.600000000000000000e+01 2.410182000000000000e+06
1.619999999999999929e+01 2.411835000000000000e+06
1.640000000000000213e+01 2.409969000000000000e+06
1.660000000000000142e+01 2.410341000000000000e+06
1.680000000000000071e+01 2.410135000000000000e+06
1.700000000000000000e+01 2.408350000000000000e+06
1.719999999999999929e+01 2.408570000000000000e+06
1.740000000000000213e+01 2.406403000000000000e+06
1.760000000000000142e+01 2.404041000000000000e+06
1.780000000000000071e+01 2.405982000000000000e+06
1.800000000000000000e+01 2.401308000000000000e+06
1.819999999999999929e+01 2.404106000000000000e+06
1.840000000000000213e+01 2.404954000000000000e+06
1.860000000000000142e+01 2.399638000000000000e+06
1.880000000000000071e+01 2.400847000000000000e+06
1.900000000000000000e+01 2.401774000000000000e+06
1.920000000000000284e+01 2.401243000000000000e+06
1.940000000000000213e+01 2.401232000000000000e+06
1.960000000000000142e+01 2.398497000000000000e+06
1.980000000000000071e+01 2.399428000000000000e+06
2.000000000000000000e+01 2.396684000000000000e+06
2.020000000000000284e+01 2.400040000000000000e+06
2.040000000000000213e+01 2.400701000000000000e+06
2.060000000000000142e+01 2.396752000000000000e+06
2.080000000000000071e+01 2.399210000000000000e+06
2.100000000000000000e+01 2.396478000000000000e+06
2.120000000000000284e+01 2.399118000000000000e+06
2.140000000000000213e+01 2.400971000000000000e+06
2.160000000000000142e+01 2.401750000000000000e+06
2.180000000000000071e+01 2.402495000000000000e+06
2.200000000000000000e+01 2.402708000000000000e+06
2.220000000000000284e+01 2.403265000000000000e+06
2.240000000000000213e+01 2.401869000000000000e+06
2.260000000000000142e+01 2.403221000000000000e+06
2.280000000000000071e+01 2.402559000000000000e+06
2.300000000000000000e+01 2.403621000000000000e+06
2.320000000000000284e+01 2.406741000000000000e+06
2.340000000000000213e+01 2.404674000000000000e+06
2.360000000000000142e+01 2.405739000000000000e+06
2.380000000000000071e+01 2.408309000000000000e+06
2.400000000000000000e+01 2.407610000000000000e+06
2.420000000000000284e+01 2.409565000000000000e+06
2.440000000000000213e+01 2.411744000000000000e+06
2.460000000000000142e+01 2.413545000000000000e+06
2.480000000000000071e+01 2.414837000000000000e+06
2.500000000000000000e+01 2.411561000000000000e+06
2.520000000000000284e+01 2.415739000000000000e+06
2.540000000000000213e+01 2.416311000000000000e+06
2.560000000000000142e+01 2.417144000000000000e+06
2.580000000000000071e+01 2.415763000000000000e+06
2.600000000000000000e+01 2.419222000000000000e+06
2.620000000000000284e+01 2.418912000000000000e+06
2.640000000000000213e+01 2.420063000000000000e+06
2.660000000000000142e+01 2.421473000000000000e+06
2.680000000000000071e+01 2.421378000000000000e+06
2.700000000000000000e+01 2.418971000000000000e+06
2.720000000000000284e+01 2.420832000000000000e+06
2.740000000000000213e+01 2.424569000000000000e+06
2.760000000000000142e+01 2.425400000000000000e+06
2.780000000000000071e+01 2.426932000000000000e+06
2.800000000000000000e+01 2.425932000000000000e+06
2.820000000000000284e+01 2.425379000000000000e+06
2.840000000000000213e+01 2.429612000000000000e+06
2.860000000000000142e+01 2.427883000000000000e+06
2.880000000000000071e+01 2.428876000000000000e+06
2.900000000000000000e+01 2.429223000000000000e+06
2.920000000000000284e+01 2.429156000000000000e+06
2.940000000000000213e+01 2.431257000000000000e+06
2.960000000000000142e+01 2.431084000000000000e+06
2.980000000000000071e+01 2.432176000000000000e+06
3.000000000000000000e+01 2.431419000000000000e+06
3.020000000000000284e+01 2.430195000000000000e+06
3.040000000000000213e+01 2.432611000000000000e+06
3.060000000000000142e+01 2.431958000000000000e+06
3.080000000000000071e+01 2.430370000000000000e+06
3.100000000000000000e+01 2.431017000000000000e+06
3.120000000000000284e+01 2.431997000000000000e+06
3.140000000000000213e+01 2.428618000000000000e+06
3.160000000000000142e+01 2.430475000000000000e+06
3.180000000000000071e+01 2.427069000000000000e+06
3.200000000000000000e+01 2.429352000000000000e+06
3.220000000000000284e+01 2.428045000000000000e+06
3.239999999999999858e+01 2.428019000000000000e+06
3.260000000000000142e+01 2.427374000000000000e+06
3.280000000000000426e+01 2.429166000000000000e+06
3.300000000000000000e+01 2.426574000000000000e+06
3.320000000000000284e+01 2.425744000000000000e+06
3.339999999999999858e+01 2.424653000000000000e+06
3.360000000000000142e+01 2.423388000000000000e+06
3.380000000000000426e+01 2.423358000000000000e+06
3.400000000000000000e+01 2.421202000000000000e+06
3.420000000000000284e+01 2.418578000000000000e+06
3.439999999999999858e+01 2.417036000000000000e+06
3.460000000000000142e+01 2.417952000000000000e+06
3.480000000000000426e+01 2.416496000000000000e+06
3.500000000000000000e+01 2.417677000000000000e+06
3.520000000000000284e+01 2.417622000000000000e+06
3.539999999999999858e+01 2.416451000000000000e+06
3.560000000000000142e+01 2.413249000000000000e+06
3.580000000000000426e+01 2.414844000000000000e+06
3.600000000000000000e+01 2.414203000000000000e+06
3.620000000000000284e+01 2.414181000000000000e+06
3.639999999999999858e+01 2.410606000000000000e+06
3.660000000000000142e+01 2.410438000000000000e+06
3.680000000000000426e+01 2.405336000000000000e+06
3.700000000000000000e+01 2.405626000000000000e+06
3.720000000000000284e+01 2.407922000000000000e+06
3.739999999999999858e+01 2.406203000000000000e+06
3.760000000000000142e+01 2.404289000000000000e+06
3.780000000000000426e+01 2.402020000000000000e+06
3.800000000000000000e+01 2.400502000000000000e+06
3.820000000000000284e+01 2.402527000000000000e+06
3.840000000000000568e+01 2.401212000000000000e+06
3.860000000000000142e+01 2.400992000000000000e+06
3.880000000000000426e+01 2.403004000000000000e+06
3.900000000000000000e+01 2.398839000000000000e+06
3.920000000000000284e+01 2.399185000000000000e+06
3.940000000000000568e+01 2.398196000000000000e+06
3.960000000000000142e+01 2.398983000000000000e+06
3.980000000000000426e+01 2.397172000000000000e+06
