0.000000000000000000e+00 2.117990000000000000e+05
1.425000000000000044e+00 2.124950000000000000e+05
2.850000000000000089e+00 2.133220000000000000e+05
4.275000000000000355e+00 2.122990000000000000e+05
5.700000000000000178e+00 2.144560000000000000e+05
7.125000000000000000e+00 2.154000000000000000e+05
8.550000000000000711e+00 2.164920000000000000e+05
9.974999999999999645e+00 2.157190000000000000e+05
1.140000000000000036e+01 2.182620000000000000e+05
1.282500000000000107e+01 2.191810000000000000e+05
1.425000000000000000e+01 2.197060000000000000e+05
1.567500000000000071e+01 2.208270000000000000e+05
1.710000000000000142e+01 2.226250000000000000e+05
1.852500000000000213e+01 2.231440000000000000e+05
1.994999999999999929e+01 2.251040000000000000e+05
2.137500000000000000e+01 2.261970000000000000e+05
2.280000000000000071e+01 2.273720000000000000e+05
2.422500000000000142e+01 2.307280000000000000e+05
2.565000000000000213e+01 2.298200000000000000e+05
2.707499999999999929e+01 2.324730000000000000e+05
2.850000000000000000e+01 2.337730000000000000e+05
2.992500000000000071e+01 2.352990000000000000e+05
3.135000000000000142e+01 2.353860000000000000e+05
3.277499999999999858e+01 2.378490000000000000e+05
3.420000000000000284e+01 2.398190000000000000e+05
3.562500000000000000e+01 2.408270000000000000e+05
3.705000000000000426e+01 2.420760000000000000e+05
3.847500000000000142e+01 2.435960000000000000e+05
3.989999999999999858e+01 2.443620000000000000e+05
4.132500000000000284e+01 2.455720000000000000e+05
4.275000000000000000e+01 2.468430000000000000e+05
4.417500000000000426e+01 2.486720000000000000e+05
4.560000000000000142e+01 2.492950000000000000e+05
4.702499999999999858e+01 2.508860000000000000e+05
4.845000000000000284e+01 2.519730000000000000e+05
4.987500000000000000e+01 2.524900000000000000e+05
5.130000000000000426e+01 2.526870000000000000e+05
5.272500000000000142e+01 2.533270000000000000e+05
5.414999999999999858e+01 2.548770000000000000e+05
5.557500000000000284e+01 2.547920000000000000e+05
5.700000000000000000e+01 2.565810000000000000e+05
5.842500000000000426e+01 2.566730000000000000e+05
5.985000000000000142e+01 2.572040000000000000e+05
6.127499999999999858e+01 2.579770000000000000e+05
6.270000000000000284e+01 2.576080000000000000e+05
6.412500000000000000e+01 2.570810000000000000e+05
6.554999999999999716e+01 2.568540000000000000e+05
6.697500000000000853e+01 2.565400000000000000e+05
6.840000000000000568e+01 2.567270000000000000e+05
6.982500000000000284e+01 2.563840000000000000e+05
7.125000000000000000e+01 2.558110000000000000e+05
7.267499999999999716e+01 2.563620000000000000e+05
7.410000000000000853e+01 2.550670000000000000e+05
7.552500000000000568e+01 2.547310000000000000e+05
7.695000000000000284e+01 2.541510000000000000e+05
7.837500000000000000e+01 2.535090000000000000e+05
7.979999999999999716e+01 2.524500000000000000e+05
8.122500000000000853e+01 2.508460000000000000e+05
8.265000000000000568e+01 2.502270000000000000e+05
8.407500000000000284e+01 2.491370000000000000e+05
8.550000000000000000e+01 2.481860000000000000e+05
8.692499999999999716e+01 2.466700000000000000e+05
8.835000000000000853e+01 2.459440000000000000e+05
8.977500000000000568e+01 2.445990000000000000e+05
9.120000000000000284e+01 2.436460000000000000e+05
9.262500000000000000e+01 2.421260000000000000e+05
9.404999999999999716e+01 2.408610000000000000e+05
9.547500000000000853e+01 2.395910000000000000e+05
9.690000000000000568e+01 2.375470000000000000e+05
9.832500000000000284e+01 2.359670000000000000e+05
9.975000000000000000e+01 2.345430000000000000e+05
1.011749999999999972e+02 2.333870000000000000e+05
1.026000000000000085e+02 2.326190000000000000e+05
1.040250000000000057e+02 2.308540000000000000e+05
1.054500000000000028e+02 2.292860000000000000e+05
1.068750000000000000e+02 2.279560000000000000e+05
1.082999999999999972e+02 2.272190000000000000e+05
1.097250000000000085e+02 2.249110000000000000e+05
1.111500000000000057e+02 2.251140000000000000e+05
1.125750000000000028e+02 2.227130000000000000e+05
1.140000000000000000e+02 2.220280000000000000e+05
1.154249999999999972e+02 2.206100000000000000e+05
1.168500000000000085e+02 2.186740000000000000e+05
1.182750000000000057e+02 2.175460000000000000e+05
1.197000000000000028e+02 2.166850000000000000e+05
1.211250000000000000e+02 2.168920000000000000e+05
1.225499999999999972e+02 2.144920000000000000e+05
1.239750000000000085e+02 2.142790000000000000e+05
1.254000000000000057e+02 2.130750000000000000e+05
1.268250000000000028e+02 2.130860000000000000e+05
1.282500000000000000e+02 2.124980000000000000e+05
1.296750000000000114e+02 2.113180000000000000e+05
1.310999999999999943e+02 2.113230000000000000e+05
1.325250000000000057e+02 2.114330000000000000e+05
1.339500000000000171e+02 2.109700000000000000e+05
1.353750000000000000e+02 2.104190000000000000e+05
1.368000000000000114e+02 2.103200000000000000e+05
1.382249999999999943e+02 2.108250000000000000e+05
1.396500000000000057e+02 2.106850000000000000e+05
1.410750000000000171e+02 2.109280000000000000e+05
1.425000000000000000e+02 2.117910000000000000e+05
1.439250000000000114e+02 2.118680000000000000e+05
1.453499999999999943e+02 2.126650000000000000e+05
1.467750000000000057e+02 2.132870000000000000e+05
1.482000000000000171e+02 2.134140000000000000e+05
1.496250000000000000e+02 2.142160000000000000e+05
1.510500000000000114e+02 2.147640000000000000e+05
1.524749999999999943e+02 2.155570000000000000e+05
1.539000000000000057e+02 2.171890000000000000e+05
1.553250000000000171e+02 2.184230000000000000e+05
1.567500000000000000e+02 2.192200000000000000e+05
1.581750000000000114e+02 2.211520000000000000e+05
1.595999999999999943e+02 2.217300000000000000e+05
1.610250000000000057e+02 2.242100000000000000e+05
1.624500000000000171e+02 2.248020000000000000e+05
1.638750000000000000e+02 2.261910000000000000e+05
1.653000000000000114e+02 2.267640000000000000e+05
1.667249999999999943e+02 2.287280000000000000e+05
1.681500000000000057e+02 2.298110000000000000e+05
1.695750000000000171e+02 2.304900000000000000e+05
1.710000000000000000e+02 2.318920000000000000e+05
1.724250000000000114e+02 2.346610000000000000e+05
1.738499999999999943e+02 2.357370000000000000e+05
1.752750000000000057e+02 2.366480000000000000e+05
1.767000000000000171e+02 2.379030000000000000e+05
1.781250000000000000e+02 2.405980000000000000e+05
1.795500000000000114e+02 2.412440000000000000e+05
1.809749999999999943e+02 2.428090000000000000e+05
1.824000000000000057e+02 2.433540000000000000e+05
1.838250000000000171e+02 2.446200000000000000e+05
1.852500000000000000e+02 2.462680000000000000e+05
1.866750000000000114e+02 2.473380000000000000e+05
1.880999999999999943e+02 2.488330000000000000e+05
1.895250000000000057e+02 2.494560000000000000e+05
1.909500000000000171e+02 2.507340000000000000e+05
1.923750000000000000e+02 2.517330000000000000e+05
1.938000000000000114e+02 2.528680000000000000e+05
1.952249999999999943e+02 2.542220000000000000e+05
1.966500000000000057e+02 2.544300000000000000e+05
1.980750000000000171e+02 2.552470000000000000e+05
1.995000000000000000e+02 2.555170000000000000e+05
2.009250000000000114e+02 2.563550000000000000e+05
2.023499999999999943e+02 2.568890000000000000e+05
2.037750000000000057e+02 2.568210000000000000e+05
2.052000000000000171e+02 2.564170000000000000e+05
2.066250000000000000e+02 2.568960000000000000e+05
2.080500000000000114e+02 2.574560000000000000e+05
2.094749999999999943e+02 2.569890000000000000e+05
2.109000000000000057e+02 2.568490000000000000e+05
2.123250000000000171e+02 2.574240000000000000e+05
2.137500000000000000e+02 2.579060000000000000e+05
2.151750000000000114e+02 2.561240000000000000e+05
2.165999999999999943e+02 2.553540000000000000e+05
2.180250000000000057e+02 2.548650000000000000e+05
2.194500000000000171e+02 2.539390000000000000e+05
2.208750000000000000e+02 2.537150000000000000e+05
2.223000000000000114e+02 2.523530000000000000e+05
2.237249999999999943e+02 2.509030000000000000e+05
2.251500000000000057e+02 2.504080000000000000e+05
2.265750000000000171e+02 2.499450000000000000e+05
2.280000000000000000e+02 2.485710000000000000e+05
2.294250000000000114e+02 2.480980000000000000e+05
2.308499999999999943e+02 2.464800000000000000e+05
2.322750000000000057e+02 2.457310000000000000e+05
2.337000000000000171e+02 2.433650000000000000e+05
2.351250000000000000e+02 2.421020000000000000e+05
2.365500000000000114e+02 2.410650000000000000e+05
2.379749999999999943e+02 2.397170000000000000e+05
2.394000000000000057e+02 2.380660000000000000e+05
2.408250000000000171e+02 2.369790000000000000e+05
2.422500000000000000e+02 2.353090000000000000e+05
2.436750000000000114e+02 2.336860000000000000e+05
2.450999999999999943e+02 2.327320000000000000e+05
2.465250000000000057e+02 2.313570000000000000e+05
2.479500000000000171e+02 2.307340000000000000e+05
2.493750000000000000e+02 2.282700000000000000e+05
2.508000000000000114e+02 2.276640000000000000e+05
2.522249999999999943e+02 2.252590000000000000e+05
2.536500000000000057e+02 2.249610000000000000e+05
2.550750000000000171e+02 2.235600000000000000e+05
2.565000000000000000e+02 2.224770000000000000e+05
2.579250000000000114e+02 2.195960000000000000e+05
2.593500000000000227e+02 2.202230000000000000e+05
2.607750000000000341e+02 2.180160000000000000e+05
2.621999999999999886e+02 2.186290000000000000e+05
2.636250000000000000e+02 2.154000000000000000e+05
2.650500000000000114e+02 2.154870000000000000e+05
2.664750000000000227e+02 2.146890000000000000e+05
2.679000000000000341e+02 2.136210000000000000e+05
2.693249999999999886e+02 2.128630000000000000e+05
2.707500000000000000e+02 2.128570000000000000e+05
2.721750000000000114e+02 2.115800000000000000e+05
2.736000000000000227e+02 2.119660000000000000e+05
2.750250000000000341e+02 2.109960000000000000e+05
2.764499999999999886e+02 2.113130000000000000e+05
2.778750000000000000e+02 2.107170000000000000e+05
2.793000000000000114e+02 2.110030000000000000e+05
2.807250000000000227e+02 2.104190000000000000e+05
2.821500000000000341e+02 2.107000000000000000e+05
2.835749999999999886e+02 2.112080000000000000e+05
