0.000000000000000000e+00 9.191360000000000000e+05
8.333333333333333218e-03 9.208710000000000000e+05
1.666666666666666644e-02 9.167250000000000000e+05
2.500000000000000139e-02 9.182070000000000000e+05
3.333333333333333287e-02 9.172890000000000000e+05
4.166666666666666435e-02 9.204210000000000000e+05
5.000000000000000278e-02 9.165810000000000000e+05
5.833333333333333426e-02 9.158320000000000000e+05
6.666666666666666574e-02 9.205430000000000000e+05
7.499999999999999722e-02 9.181810000000000000e+05
8.333333333333332871e-02 9.186620000000000000e+05
9.166666666666666019e-02 9.164570000000000000e+05
1.000000000000000056e-01 9.177740000000000000e+05
1.083333333333333370e-01 9.184250000000000000e+05
1.166666666666666685e-01 9.179530000000000000e+05
1.250000000000000000e-01 9.190890000000000000e+05
1.333333333333333315e-01 9.194270000000000000e+05
1.416666666666666630e-01 9.172890000000000000e+05
1.499999999999999944e-01 9.194350000000000000e+05
1.583333333333333259e-01 9.176780000000000000e+05
1.666666666666666574e-01 9.178730000000000000e+05
1.749999999999999889e-01 9.184950000000000000e+05
1.833333333333333204e-01 9.186540000000000000e+05
1.916666666666666519e-01 9.171310000000000000e+05
2.000000000000000111e-01 9.192890000000000000e+05
2.083333333333333426e-01 9.181060000000000000e+05
2.166666666666666741e-01 9.186820000000000000e+05
2.250000000000000056e-01 9.174590000000000000e+05
2.333333333333333370e-01 9.164260000000000000e+05
2.416666666666666685e-01 9.186590000000000000e+05
2.500000000000000000e-01 9.175400000000000000e+05
2.583333333333333037e-01 9.190240000000000000e+05
2.666666666666666630e-01 9.180300000000000000e+05
2.750000000000000222e-01 9.169190000000000000e+05
2.833333333333333259e-01 9.205590000000000000e+05
2.916666666666666852e-01 9.192220000000000000e+05
2.999999999999999889e-01 9.183310000000000000e+05
3.083333333333333481e-01 9.185130000000000000e+05
3.166666666666666519e-01 9.183780000000000000e+05
3.250000000000000111e-01 9.166980000000000000e+05
3.333333333333333148e-01 9.167880000000000000e+05
3.416666666666666741e-01 9.187550000000000000e+05
3.499999999999999778e-01 9.182890000000000000e+05
3.583333333333333370e-01 9.179460000000000000e+05
3.666666666666666408e-01 9.186090000000000000e+05
3.750000000000000000e-01 9.186610000000000000e+05
3.833333333333333037e-01 9.177100000000000000e+05
3.916666666666666630e-01 9.177760000000000000e+05
4.000000000000000222e-01 9.188540000000000000e+05
4.083333333333333259e-01 9.188310000000000000e+05
4.166666666666666852e-01 9.185430000000000000e+05
4.249999999999999889e-01 9.171890000000000000e+05
4.333333333333333481e-01 9.179570000000000000e+05
4.416666666666666519e-01 9.166640000000000000e+05
4.500000000000000111e-01 9.187270000000000000e+05
4.583333333333333148e-01 9.195920000000000000e+05
4.666666666666666741e-01 9.171270000000000000e+05
4.749999999999999778e-01 9.144740000000000000e+05
4.833333333333333370e-01 9.217190000000000000e+05
4.916666666666666408e-01 9.201830000000000000e+05
5.000000000000000000e-01 9.151720000000000000e+05
5.083333333333333037e-01 9.197470000000000000e+05
5.166666666666666075e-01 9.174440000000000000e+05
5.250000000000000222e-01 9.184160000000000000e+05
5.333333333333333259e-01 9.190990000000000000e+05
5.416666666666666297e-01 9.167180000000000000e+05
5.500000000000000444e-01 9.167580000000000000e+05
5.583333333333333481e-01 9.178950000000000000e+05
5.666666666666666519e-01 9.165390000000000000e+05
5.749999999999999556e-01 9.188480000000000000e+05
5.833333333333333703e-01 9.189140000000000000e+05
5.916666666666666741e-01 9.177440000000000000e+05
5.999999999999999778e-01 9.177740000000000000e+05
6.083333333333332815e-01 9.183480000000000000e+05
6.166666666666666963e-01 9.199570000000000000e+05
6.250000000000000000e-01 9.171790000000000000e+05
6.333333333333333037e-01 9.176140000000000000e+05
6.416666666666666075e-01 9.177670000000000000e+05
6.500000000000000222e-01 9.172350000000000000e+05
6.583333333333333259e-01 9.188920000000000000e+05
6.666666666666666297e-01 9.198730000000000000e+05
6.750000000000000444e-01 9.183660000000000000e+05
6.833333333333333481e-01 9.168510000000000000e+05
6.916666666666666519e-01 9.194980000000000000e+05
6.999999999999999556e-01 9.188790000000000000e+05
7.083333333333333703e-01 9.184970000000000000e+05
7.166666666666666741e-01 9.171510000000000000e+05
7.249999999999999778e-01 9.173460000000000000e+05
7.333333333333332815e-01 9.175980000000000000e+05
7.416666666666666963e-01 9.159310000000000000e+05
7.500000000000000000e-01 9.188380000000000000e+05
7.583333333333333037e-01 9.187810000000000000e+05
7.666666666666666075e-01 9.174840000000000000e+05
7.750000000000000222e-01 9.175370000000000000e+05
7.833333333333333259e-01 9.178860000000000000e+05
7.916666666666666297e-01 9.181280000000000000e+05
8.000000000000000444e-01 9.187150000000000000e+05
8.083333333333333481e-01 9.198710000000000000e+05
8.166666666666666519e-01 9.177770000000000000e+05
8.249999999999999556e-01 9.177690000000000000e+05
8.333333333333333703e-01 9.175040000000000000e+05
8.416666666666666741e-01 9.187140000000000000e+05
8.499999999999999778e-01 9.179250000000000000e+05
8.583333333333332815e-01 9.178530000000000000e+05
8.666666666666666963e-01 9.167750000000000000e+05
8.750000000000000000e-01 9.187860000000000000e+05
8.833333333333333037e-01 9.181390000000000000e+05
8.916666666666666075e-01 9.187140000000000000e+05
9.000000000000000222e-01 9.175270000000000000e+05
9.083333333333333259e-01 9.168550000000000000e+05
9.166666666666666297e-01 9.168710000000000000e+05
9.249999999999999334e-01 9.180930000000000000e+05
9.333333333333333481e-01 9.169380000000000000e+05
9.416666666666666519e-01 9.184820000000000000e+05
9.499999999999999556e-01 9.183600000000000000e+05
9.583333333333333703e-01 9.183100000000000000e+05
9.666666666666666741e-01 9.193910000000000000e+05
9.749999999999999778e-01 9.175250000000000000e+05
9.833333333333332815e-01 9.146040000000000000e+05
9.916666666666666963e-01 9.203890000000000000e+05
1.000000000000000000e+00 9.204840000000000000e+05
1.008333333333333304e+00 9.161160000000000000e+05
1.016666666666666607e+00 9.197670000000000000e+05
1.024999999999999911e+00 9.182320000000000000e+05
1.033333333333333215e+00 9.188550000000000000e+05
1.041666666666666741e+00 9.199770000000000000e+05
1.050000000000000044e+00 9.192820000000000000e+05
1.058333333333333348e+00 9.183810000000000000e+05
1.066666666666666652e+00 9.185360000000000000e+05
1.074999999999999956e+00 9.166100000000000000e+05
1.083333333333333259e+00 9.189110000000000000e+05
1.091666666666666563e+00 9.167490000000000000e+05
1.100000000000000089e+00 9.199380000000000000e+05
1.108333333333333393e+00 9.189240000000000000e+05
1.116666666666666696e+00 9.174310000000000000e+05
1.125000000000000000e+00 9.174980000000000000e+05
1.133333333333333304e+00 9.182140000000000000e+05
1.141666666666666607e+00 9.176090000000000000e+05
1.149999999999999911e+00 9.170470000000000000e+05
1.158333333333333215e+00 9.197380000000000000e+05
1.166666666666666741e+00 9.189570000000000000e+05
1.175000000000000044e+00 9.179080000000000000e+05
1.183333333333333348e+00 9.178410000000000000e+05
1.191666666666666652e+00 9.193590000000000000e+05
1.199999999999999956e+00 9.172580000000000000e+05
1.208333333333333259e+00 9.183530000000000000e+05
1.216666666666666563e+00 9.202540000000000000e+05
1.225000000000000089e+00 9.182840000000000000e+05
1.233333333333333393e+00 9.192530000000000000e+05
1.241666666666666696e+00 9.172170000000000000e+05
1.250000000000000000e+00 9.188400000000000000e+05
1.258333333333333304e+00 9.177060000000000000e+05
1.266666666666666607e+00 9.213590000000000000e+05
1.274999999999999911e+00 9.181700000000000000e+05
1.283333333333333215e+00 9.179420000000000000e+05
1.291666666666666741e+00 9.182350000000000000e+05
1.300000000000000044e+00 9.183130000000000000e+05
1.308333333333333348e+00 9.190110000000000000e+05
1.316666666666666652e+00 9.185040000000000000e+05
1.324999999999999956e+00 9.188840000000000000e+05
1.333333333333333259e+00 9.204850000000000000e+05
1.341666666666666563e+00 9.158060000000000000e+05
1.350000000000000089e+00 9.183000000000000000e+05
1.358333333333333393e+00 9.176510000000000000e+05
1.366666666666666696e+00 9.186020000000000000e+05
1.375000000000000000e+00 9.196750000000000000e+05
1.383333333333333304e+00 9.164750000000000000e+05
1.391666666666666607e+00 9.171380000000000000e+05
1.399999999999999911e+00 9.164550000000000000e+05
1.408333333333333215e+00 9.173390000000000000e+05
1.416666666666666741e+00 9.176880000000000000e+05
1.425000000000000044e+00 9.183280000000000000e+05
1.433333333333333348e+00 9.189370000000000000e+05
1.441666666666666652e+00 9.175020000000000000e+05
1.449999999999999956e+00 9.191780000000000000e+05
1.458333333333333259e+00 9.187510000000000000e+05
1.466666666666666563e+00 9.181550000000000000e+05
1.475000000000000089e+00 9.145790000000000000e+05
1.483333333333333393e+00 9.215200000000000000e+05
1.491666666666666696e+00 9.185640000000000000e+05
1.500000000000000000e+00 9.161750000000000000e+05
1.508333333333333304e+00 9.200750000000000000e+05
1.516666666666666607e+00 9.165750000000000000e+05
1.524999999999999911e+00 9.173730000000000000e+05
1.533333333333333215e+00 9.194500000000000000e+05
1.541666666666666741e+00 9.160340000000000000e+05
1.550000000000000044e+00 9.193590000000000000e+05
1.558333333333333348e+00 9.195680000000000000e+05
1.566666666666666652e+00 9.155660000000000000e+05
1.574999999999999956e+00 9.167470000000000000e+05
1.583333333333333259e+00 9.182190000000000000e+05
1.591666666666666563e+00 9.162340000000000000e+05
1.600000000000000089e+00 9.185160000000000000e+05
1.608333333333333393e+00 9.188680000000000000e+05
1.616666666666666696e+00 9.175120000000000000e+05
1.625000000000000000e+00 9.161120000000000000e+05
1.633333333333333304e+00 9.195230000000000000e+05
1.641666666666666607e+00 9.193270000000000000e+05
1.649999999999999911e+00 9.166310000000000000e+05
1.658333333333333215e+00 9.171410000000000000e+05
1.666666666666666741e+00 9.178520000000000000e+05
1.675000000000000044e+00 9.163350000000000000e+05
1.683333333333333348e+00 9.198350000000000000e+05
1.691666666666666652e+00 9.175000000000000000e+05
