0.000000000000000000e+00 3.339500000000000000e+04
2.000000000000000000e+02 3.450200000000000000e+04
4.000000000000000000e+02 3.505200000000000000e+04
6.000000000000000000e+02 3.557700000000000000e+04
8.000000000000000000e+02 3.604000000000000000e+04
1.000000000000000000e+03 3.703700000000000000e+04
1.200000000000000000e+03 3.733200000000000000e+04
1.400000000000000000e+03 3.771200000000000000e+04
1.600000000000000000e+03 3.788300000000000000e+04
1.800000000000000000e+03 3.856200000000000000e+04
2.000000000000000000e+03 3.889000000000000000e+04
2.200000000000000000e+03 3.921200000000000000e+04
2.400000000000000000e+03 3.925900000000000000e+04
2.600000000000000000e+03 3.924600000000000000e+04
2.800000000000000000e+03 3.992100000000000000e+04
3.000000000000000000e+03 3.947500000000000000e+04
3.200000000000000000e+03 4.011000000000000000e+04
3.400000000000000000e+03 3.978900000000000000e+04
3.600000000000000000e+03 3.994300000000000000e+04
3.800000000000000000e+03 4.053800000000000000e+04
4.000000000000000000e+03 4.026000000000000000e+04
4.200000000000000000e+03 4.026000000000000000e+04
4.400000000000000000e+03 3.997200000000000000e+04
4.600000000000000000e+03 3.994800000000000000e+04
4.800000000000000000e+03 3.996300000000000000e+04
5.000000000000000000e+03 3.969600000000000000e+04
5.200000000000000000e+03 3.942400000000000000e+04
5.400000000000000000e+03 3.885100000000000000e+04
5.600000000000000000e+03 3.895700000000000000e+04
5.800000000000000000e+03 3.837500000000000000e+04
6.000000000000000000e+03 3.846800000000000000e+04
6.200000000000000000e+03 3.789100000000000000e+04
6.400000000000000000e+03 3.741200000000000000e+04
6.600000000000000000e+03 3.704900000000000000e+04
6.800000000000000000e+03 3.672400000000000000e+04
7.000000000000000000e+03 3.582600000000000000e+04
7.200000000000000000e+03 3.560200000000000000e+04
7.400000000000000000e+03 3.518600000000000000e+04
7.600000000000000000e+03 3.410200000000000000e+04
7.800000000000000000e+03 3.314500000000000000e+04
8.000000000000000000e+03 3.274700000000000000e+04
8.200000000000000000e+03 3.172300000000000000e+04
8.400000000000000000e+03 3.097600000000000000e+04
8.600000000000000000e+03 2.977200000000000000e+04
8.800000000000000000e+03 2.921100000000000000e+04
9.000000000000000000e+03 2.800000000000000000e+04
9.200000000000000000e+03 2.691500000000000000e+04
9.400000000000000000e+03 2.640400000000000000e+04
9.600000000000000000e+03 2.473600000000000000e+04
9.800000000000000000e+03 2.373400000000000000e+04
1.000000000000000000e+04 2.274300000000000000e+04
1.020000000000000000e+04 2.165600000000000000e+04
1.040000000000000000e+04 2.040800000000000000e+04
1.060000000000000000e+04 1.931700000000000000e+04
1.080000000000000000e+04 1.815000000000000000e+04
1.100000000000000000e+04 1.705300000000000000e+04
1.120000000000000000e+04 1.607200000000000000e+04
1.140000000000000000e+04 1.488400000000000000e+04
1.160000000000000000e+04 1.421600000000000000e+04
1.180000000000000000e+04 1.325100000000000000e+04
1.200000000000000000e+04 1.228200000000000000e+04
1.220000000000000000e+04 1.139900000000000000e+04
1.240000000000000000e+04 1.082600000000000000e+04
1.260000000000000000e+04 1.029200000000000000e+04
1.280000000000000000e+04 9.814000000000000000e+03
1.300000000000000000e+04 9.436000000000000000e+03
1.320000000000000000e+04 9.122000000000000000e+03
1.340000000000000000e+04 8.829000000000000000e+03
1.360000000000000000e+04 8.351000000000000000e+03
1.380000000000000000e+04 8.429000000000000000e+03
1.400000000000000000e+04 8.329000000000000000e+03
1.420000000000000000e+04 8.339000000000000000e+03
1.440000000000000000e+04 8.423000000000000000e+03
1.460000000000000000e+04 8.564000000000000000e+03
1.480000000000000000e+04 8.647000000000000000e+03
1.500000000000000000e+04 9.063000000000000000e+03
1.520000000000000000e+04 9.748000000000000000e+03
1.540000000000000000e+04 1.002700000000000000e+04
1.560000000000000000e+04 1.062600000000000000e+04
1.580000000000000000e+04 1.129700000000000000e+04
1.600000000000000000e+04 1.214100000000000000e+04
1.620000000000000000e+04 1.332500000000000000e+04
1.640000000000000000e+04 1.422100000000000000e+04
1.660000000000000000e+04 1.522900000000000000e+04
1.680000000000000000e+04 1.604200000000000000e+04
1.700000000000000000e+04 1.747100000000000000e+04
1.720000000000000000e+04 1.859900000000000000e+04
1.740000000000000000e+04 1.982000000000000000e+04
1.760000000000000000e+04 2.101900000000000000e+04
1.780000000000000000e+04 2.224000000000000000e+04
1.800000000000000000e+04 2.330400000000000000e+04
1.820000000000000000e+04 2.439500000000000000e+04
1.840000000000000000e+04 2.593000000000000000e+04
1.860000000000000000e+04 2.685100000000000000e+04
1.880000000000000000e+04 2.821000000000000000e+04
1.900000000000000000e+04 2.913000000000000000e+04
1.920000000000000000e+04 3.001000000000000000e+04
1.940000000000000000e+04 3.138500000000000000e+04
1.960000000000000000e+04 3.195900000000000000e+04
1.980000000000000000e+04 3.291400000000000000e+04
2.000000000000000000e+04 3.344900000000000000e+04
2.020000000000000000e+04 3.450000000000000000e+04
2.040000000000000000e+04 3.514300000000000000e+04
2.060000000000000000e+04 3.578600000000000000e+04
2.080000000000000000e+04 3.658200000000000000e+04
2.100000000000000000e+04 3.701000000000000000e+04
2.120000000000000000e+04 3.720300000000000000e+04
2.140000000000000000e+04 3.781000000000000000e+04
2.160000000000000000e+04 3.796900000000000000e+04
2.180000000000000000e+04 3.844500000000000000e+04
2.200000000000000000e+04 3.858300000000000000e+04
2.220000000000000000e+04 3.901900000000000000e+04
2.240000000000000000e+04 3.956600000000000000e+04
2.260000000000000000e+04 3.920300000000000000e+04
2.280000000000000000e+04 3.943700000000000000e+04
2.300000000000000000e+04 3.961600000000000000e+04
2.320000000000000000e+04 4.021200000000000000e+04
2.340000000000000000e+04 4.015000000000000000e+04
2.360000000000000000e+04 4.019700000000000000e+04
2.380000000000000000e+04 3.993900000000000000e+04
2.400000000000000000e+04 3.984400000000000000e+04
2.420000000000000000e+04 3.985100000000000000e+04
2.440000000000000000e+04 4.006400000000000000e+04
2.460000000000000000e+04 3.993300000000000000e+04
2.480000000000000000e+04 3.964000000000000000e+04
2.500000000000000000e+04 3.943900000000000000e+04
2.520000000000000000e+04 3.950400000000000000e+04
2.540000000000000000e+04 3.913800000000000000e+04
2.560000000000000000e+04 3.879000000000000000e+04
2.580000000000000000e+04 3.875600000000000000e+04
2.600000000000000000e+04 3.837500000000000000e+04
2.620000000000000000e+04 3.823600000000000000e+04
2.640000000000000000e+04 3.748100000000000000e+04
2.660000000000000000e+04 3.711100000000000000e+04
2.680000000000000000e+04 3.689800000000000000e+04
2.700000000000000000e+04 3.624300000000000000e+04
2.720000000000000000e+04 3.552900000000000000e+04
2.740000000000000000e+04 3.507500000000000000e+04
2.760000000000000000e+04 3.424500000000000000e+04
2.780000000000000000e+04 3.342500000000000000e+04
2.800000000000000000e+04 3.248900000000000000e+04
2.820000000000000000e+04 3.212900000000000000e+04
2.840000000000000000e+04 3.083300000000000000e+04
2.860000000000000000e+04 2.989200000000000000e+04
2.880000000000000000e+04 2.903300000000000000e+04
2.900000000000000000e+04 2.818600000000000000e+04
2.920000000000000000e+04 2.699600000000000000e+04
2.940000000000000000e+04 2.603700000000000000e+04
2.960000000000000000e+04 2.502900000000000000e+04
2.980000000000000000e+04 2.386400000000000000e+04
3.000000000000000000e+04 2.272700000000000000e+04
3.020000000000000000e+04 2.160600000000000000e+04
3.040000000000000000e+04 2.032100000000000000e+04
3.060000000000000000e+04 1.949400000000000000e+04
3.080000000000000000e+04 1.831800000000000000e+04
3.100000000000000000e+04 1.702800000000000000e+04
3.120000000000000000e+04 1.615700000000000000e+04
3.140000000000000000e+04 1.511600000000000000e+04
3.160000000000000000e+04 1.432000000000000000e+04
3.180000000000000000e+04 1.303800000000000000e+04
3.200000000000000000e+04 1.240600000000000000e+04
3.220000000000000000e+04 1.169700000000000000e+04
3.240000000000000000e+04 1.104700000000000000e+04
3.260000000000000000e+04 1.050000000000000000e+04
3.280000000000000000e+04 9.920000000000000000e+03
3.300000000000000000e+04 9.415000000000000000e+03
3.320000000000000000e+04 9.192000000000000000e+03
3.340000000000000000e+04 8.773000000000000000e+03
3.360000000000000000e+04 8.391000000000000000e+03
3.380000000000000000e+04 8.291000000000000000e+03
3.400000000000000000e+04 8.210000000000000000e+03
3.420000000000000000e+04 8.204000000000000000e+03
3.440000000000000000e+04 8.147000000000000000e+03
3.460000000000000000e+04 8.385000000000000000e+03
3.480000000000000000e+04 8.861000000000000000e+03
3.500000000000000000e+04 9.132000000000000000e+03
3.520000000000000000e+04 9.691000000000000000e+03
3.540000000000000000e+04 9.984000000000000000e+03
3.560000000000000000e+04 1.085400000000000000e+04
3.580000000000000000e+04 1.147600000000000000e+04
3.600000000000000000e+04 1.213500000000000000e+04
3.620000000000000000e+04 1.324200000000000000e+04
3.640000000000000000e+04 1.413100000000000000e+04
3.660000000000000000e+04 1.496700000000000000e+04
3.680000000000000000e+04 1.616100000000000000e+04
3.700000000000000000e+04 1.726900000000000000e+04
3.720000000000000000e+04 1.844200000000000000e+04
3.740000000000000000e+04 1.967700000000000000e+04
3.760000000000000000e+04 2.124500000000000000e+04
3.780000000000000000e+04 2.198000000000000000e+04
3.800000000000000000e+04 2.323500000000000000e+04
3.820000000000000000e+04 2.442900000000000000e+04
3.840000000000000000e+04 2.564000000000000000e+04
3.860000000000000000e+04 2.686000000000000000e+04
3.880000000000000000e+04 2.801500000000000000e+04
3.900000000000000000e+04 2.935500000000000000e+04
3.920000000000000000e+04 2.983000000000000000e+04
3.940000000000000000e+04 3.107300000000000000e+04
3.960000000000000000e+04 3.180800000000000000e+04
3.980000000000000000e+04 3.276300000000000000e+04
