0.000000000000000000e+00 3.964700000000000000e+04
9.958333333333333481e-01 4.119400000000000000e+04
1.991666666666666696e+00 4.250300000000000000e+04
2.987499999999999822e+00 4.338100000000000000e+04
3.983333333333333393e+00 4.421600000000000000e+04
4.979166666666666963e+00 4.524000000000000000e+04
5.974999999999999645e+00 4.658500000000000000e+04
6.970833333333333215e+00 4.745400000000000000e+04
7.966666666666666785e+00 4.814900000000000000e+04
8.962500000000000355e+00 4.882200000000000000e+04
9.958333333333333925e+00 4.971300000000000000e+04
1.095416666666666750e+01 4.995000000000000000e+04
1.194999999999999929e+01 5.039500000000000000e+04
1.294583333333333286e+01 5.075700000000000000e+04
1.394166666666666643e+01 5.131300000000000000e+04
1.493750000000000000e+01 5.133300000000000000e+04
1.593333333333333357e+01 5.192300000000000000e+04
1.692916666666666714e+01 5.219800000000000000e+04
1.792500000000000071e+01 5.243100000000000000e+04
1.892083333333333428e+01 5.205700000000000000e+04
1.991666666666666785e+01 5.225100000000000000e+04
2.091250000000000142e+01 5.243300000000000000e+04
2.190833333333333499e+01 5.216000000000000000e+04
2.290416666666666856e+01 5.229300000000000000e+04
2.389999999999999858e+01 5.193700000000000000e+04
2.489583333333333215e+01 5.160500000000000000e+04
2.589166666666666572e+01 5.158500000000000000e+04
2.688749999999999929e+01 5.123800000000000000e+04
2.788333333333333286e+01 5.057800000000000000e+04
2.887916666666666643e+01 5.008900000000000000e+04
2.987500000000000000e+01 4.915900000000000000e+04
3.087083333333333357e+01 4.904900000000000000e+04
3.186666666666666714e+01 4.836100000000000000e+04
3.286249999999999716e+01 4.781200000000000000e+04
3.385833333333333428e+01 4.674900000000000000e+04
3.485416666666666430e+01 4.586100000000000000e+04
3.585000000000000142e+01 4.504000000000000000e+04
3.684583333333333144e+01 4.356900000000000000e+04
3.784166666666666856e+01 4.305900000000000000e+04
3.883749999999999858e+01 4.130200000000000000e+04
3.983333333333333570e+01 4.027100000000000000e+04
4.082916666666666572e+01 3.877900000000000000e+04
4.182500000000000284e+01 3.728800000000000000e+04
4.282083333333333286e+01 3.610400000000000000e+04
4.381666666666666998e+01 3.440100000000000000e+04
4.481250000000000000e+01 3.307800000000000000e+04
4.580833333333333712e+01 3.179200000000000000e+04
4.680416666666666714e+01 3.000900000000000000e+04
4.779999999999999716e+01 2.812700000000000000e+04
4.879583333333333428e+01 2.697000000000000000e+04
4.979166666666666430e+01 2.569000000000000000e+04
5.078750000000000142e+01 2.411600000000000000e+04
5.178333333333333144e+01 2.256600000000000000e+04
5.277916666666666856e+01 2.143700000000000000e+04
5.377499999999999858e+01 1.982800000000000000e+04
5.477083333333333570e+01 1.852500000000000000e+04
5.576666666666666572e+01 1.734600000000000000e+04
5.676250000000000284e+01 1.614800000000000000e+04
5.775833333333333286e+01 1.503600000000000000e+04
5.875416666666666998e+01 1.436500000000000000e+04
5.975000000000000000e+01 1.349300000000000000e+04
6.074583333333333712e+01 1.244700000000000000e+04
6.174166666666666714e+01 1.184400000000000000e+04
6.273750000000000426e+01 1.119500000000000000e+04
6.373333333333333428e+01 1.058400000000000000e+04
6.472916666666667140e+01 1.031200000000000000e+04
6.572499999999999432e+01 9.597000000000000000e+03
6.672083333333333144e+01 9.465000000000000000e+03
6.771666666666666856e+01 9.472000000000000000e+03
6.871250000000000568e+01 9.188000000000000000e+03
6.970833333333332860e+01 9.231000000000000000e+03
7.070416666666666572e+01 9.065000000000000000e+03
7.170000000000000284e+01 9.137000000000000000e+03
7.269583333333333997e+01 9.357000000000000000e+03
7.369166666666666288e+01 9.640000000000000000e+03
7.468750000000000000e+01 9.968000000000000000e+03
7.568333333333333712e+01 1.049200000000000000e+04
7.667916666666667425e+01 1.084800000000000000e+04
7.767499999999999716e+01 1.146000000000000000e+04
7.867083333333333428e+01 1.201300000000000000e+04
7.966666666666667140e+01 1.278900000000000000e+04
8.066249999999999432e+01 1.344900000000000000e+04
8.165833333333333144e+01 1.460700000000000000e+04
8.265416666666666856e+01 1.550900000000000000e+04
8.365000000000000568e+01 1.666800000000000000e+04
8.464583333333332860e+01 1.773700000000000000e+04
8.564166666666666572e+01 1.894700000000000000e+04
8.663750000000000284e+01 2.015100000000000000e+04
8.763333333333333997e+01 2.157200000000000000e+04
8.862916666666666288e+01 2.318700000000000000e+04
8.962500000000000000e+01 2.447100000000000000e+04
9.062083333333333712e+01 2.635600000000000000e+04
9.161666666666667425e+01 2.756100000000000000e+04
9.261249999999999716e+01 2.887500000000000000e+04
9.360833333333333428e+01 3.080200000000000000e+04
9.460416666666667140e+01 3.218800000000000000e+04
9.559999999999999432e+01 3.355900000000000000e+04
9.659583333333333144e+01 3.477000000000000000e+04
9.759166666666666856e+01 3.628400000000000000e+04
9.858750000000000568e+01 3.797300000000000000e+04
9.958333333333332860e+01 3.915700000000000000e+04
1.005791666666666657e+02 4.022700000000000000e+04
1.015750000000000028e+02 4.169800000000000000e+04
1.025708333333333400e+02 4.295100000000000000e+04
1.035666666666666629e+02 4.442700000000000000e+04
1.045625000000000000e+02 4.532900000000000000e+04
1.055583333333333371e+02 4.619000000000000000e+04
1.065541666666666742e+02 4.627400000000000000e+04
1.075499999999999972e+02 4.728200000000000000e+04
1.085458333333333343e+02 4.818400000000000000e+04
1.095416666666666714e+02 4.866000000000000000e+04
1.105375000000000085e+02 4.965800000000000000e+04
1.115333333333333314e+02 4.990200000000000000e+04
1.125291666666666686e+02 5.051400000000000000e+04
1.135250000000000057e+02 5.131100000000000000e+04
1.145208333333333286e+02 5.114200000000000000e+04
1.155166666666666657e+02 5.243700000000000000e+04
1.165125000000000028e+02 5.174600000000000000e+04
1.175083333333333400e+02 5.200900000000000000e+04
1.185041666666666629e+02 5.189500000000000000e+04
1.195000000000000000e+02 5.197800000000000000e+04
1.204958333333333371e+02 5.230500000000000000e+04
1.214916666666666742e+02 5.235800000000000000e+04
1.224874999999999972e+02 5.224600000000000000e+04
1.234833333333333343e+02 5.173400000000000000e+04
1.244791666666666714e+02 5.217200000000000000e+04
1.254750000000000085e+02 5.170800000000000000e+04
1.264708333333333314e+02 5.153000000000000000e+04
1.274666666666666686e+02 5.099400000000000000e+04
1.284625000000000057e+02 5.043000000000000000e+04
1.294583333333333428e+02 4.982900000000000000e+04
1.304541666666666799e+02 4.952900000000000000e+04
1.314499999999999886e+02 4.818600000000000000e+04
1.324458333333333258e+02 4.785200000000000000e+04
1.334416666666666629e+02 4.689900000000000000e+04
1.344375000000000000e+02 4.589000000000000000e+04
1.354333333333333371e+02 4.531600000000000000e+04
1.364291666666666742e+02 4.436200000000000000e+04
1.374250000000000114e+02 4.315400000000000000e+04
1.384208333333333485e+02 4.192800000000000000e+04
1.394166666666666572e+02 4.073200000000000000e+04
1.404124999999999943e+02 3.943100000000000000e+04
1.414083333333333314e+02 3.802600000000000000e+04
1.424041666666666686e+02 3.626000000000000000e+04
1.434000000000000057e+02 3.515400000000000000e+04
1.443958333333333428e+02 3.406500000000000000e+04
1.453916666666666799e+02 3.241800000000000000e+04
1.463874999999999886e+02 3.069200000000000000e+04
1.473833333333333258e+02 2.953200000000000000e+04
1.483791666666666629e+02 2.769700000000000000e+04
1.493750000000000000e+02 2.596800000000000000e+04
1.503708333333333371e+02 2.478900000000000000e+04
1.513666666666666742e+02 2.330700000000000000e+04
1.523625000000000114e+02 2.163200000000000000e+04
1.533583333333333485e+02 2.008900000000000000e+04
1.543541666666666572e+02 1.910100000000000000e+04
1.553499999999999943e+02 1.778500000000000000e+04
1.563458333333333314e+02 1.668600000000000000e+04
1.573416666666666686e+02 1.547200000000000000e+04
1.583375000000000057e+02 1.480300000000000000e+04
1.593333333333333428e+02 1.393600000000000000e+04
1.603291666666666799e+02 1.279100000000000000e+04
1.613249999999999886e+02 1.209000000000000000e+04
1.623208333333333258e+02 1.147800000000000000e+04
1.633166666666666629e+02 1.075900000000000000e+04
1.643125000000000000e+02 1.039600000000000000e+04
1.653083333333333371e+02 9.785000000000000000e+03
1.663041666666666742e+02 9.665000000000000000e+03
1.673000000000000114e+02 9.354000000000000000e+03
1.682958333333333485e+02 8.947000000000000000e+03
1.692916666666666572e+02 9.046000000000000000e+03
1.702874999999999943e+02 9.039000000000000000e+03
1.712833333333333314e+02 9.277000000000000000e+03
1.722791666666666686e+02 9.255000000000000000e+03
1.732750000000000057e+02 9.262000000000000000e+03
1.742708333333333428e+02 9.747000000000000000e+03
1.752666666666666799e+02 1.005400000000000000e+04
1.762624999999999886e+02 1.047000000000000000e+04
1.772583333333333258e+02 1.111600000000000000e+04
1.782541666666666629e+02 1.164000000000000000e+04
1.792500000000000000e+02 1.223000000000000000e+04
1.802458333333333371e+02 1.296300000000000000e+04
1.812416666666666742e+02 1.394300000000000000e+04
1.822375000000000114e+02 1.489700000000000000e+04
1.832333333333333485e+02 1.586800000000000000e+04
1.842291666666666572e+02 1.722400000000000000e+04
1.852249999999999943e+02 1.828300000000000000e+04
1.862208333333333314e+02 1.973600000000000000e+04
1.872166666666666686e+02 2.096600000000000000e+04
1.882125000000000057e+02 2.223000000000000000e+04
1.892083333333333428e+02 2.365700000000000000e+04
1.902041666666666799e+02 2.536900000000000000e+04
1.911999999999999886e+02 2.697600000000000000e+04
1.921958333333333258e+02 2.814300000000000000e+04
1.931916666666666629e+02 2.986600000000000000e+04
1.941875000000000000e+02 3.147300000000000000e+04
1.951833333333333371e+02 3.274600000000000000e+04
1.961791666666666742e+02 3.426400000000000000e+04
1.971750000000000114e+02 3.561000000000000000e+04
1.981708333333333485e+02 3.728600000000000000e+04
