0.000000000000000000e+00 1.430800000000000000e+04
2.000000000000000000e+01 1.444300000000000000e+04
4.000000000000000000e+01 1.512900000000000000e+04
6.000000000000000000e+01 1.547700000000000000e+04
8.000000000000000000e+01 1.588700000000000000e+04
1.000000000000000000e+02 1.642900000000000000e+04
1.200000000000000000e+02 1.666400000000000000e+04
1.400000000000000000e+02 1.701800000000000000e+04
1.600000000000000000e+02 1.704000000000000000e+04
1.800000000000000000e+02 1.724100000000000000e+04
2.000000000000000000e+02 1.753800000000000000e+04
2.200000000000000000e+02 1.777800000000000000e+04
2.400000000000000000e+02 1.792400000000000000e+04
2.600000000000000000e+02 1.793900000000000000e+04
2.800000000000000000e+02 1.819300000000000000e+04
3.000000000000000000e+02 1.823600000000000000e+04
3.200000000000000000e+02 1.823100000000000000e+04
3.400000000000000000e+02 1.839400000000000000e+04
3.600000000000000000e+02 1.845600000000000000e+04
3.800000000000000000e+02 1.839800000000000000e+04
4.000000000000000000e+02 1.826000000000000000e+04
4.200000000000000000e+02 1.810500000000000000e+04
4.400000000000000000e+02 1.841200000000000000e+04
4.600000000000000000e+02 1.825100000000000000e+04
4.800000000000000000e+02 1.820200000000000000e+04
5.000000000000000000e+02 1.813700000000000000e+04
5.200000000000000000e+02 1.795700000000000000e+04
5.400000000000000000e+02 1.790200000000000000e+04
5.600000000000000000e+02 1.790700000000000000e+04
5.800000000000000000e+02 1.723300000000000000e+04
6.000000000000000000e+02 1.722900000000000000e+04
6.200000000000000000e+02 1.677800000000000000e+04
6.400000000000000000e+02 1.678800000000000000e+04
6.600000000000000000e+02 1.659100000000000000e+04
6.800000000000000000e+02 1.590300000000000000e+04
7.000000000000000000e+02 1.559400000000000000e+04
7.200000000000000000e+02 1.542000000000000000e+04
7.400000000000000000e+02 1.483500000000000000e+04
7.600000000000000000e+02 1.458800000000000000e+04
7.800000000000000000e+02 1.390100000000000000e+04
8.000000000000000000e+02 1.360200000000000000e+04
8.200000000000000000e+02 1.303100000000000000e+04
8.400000000000000000e+02 1.246300000000000000e+04
8.600000000000000000e+02 1.215900000000000000e+04
8.800000000000000000e+02 1.131000000000000000e+04
9.000000000000000000e+02 1.098000000000000000e+04
9.200000000000000000e+02 1.007500000000000000e+04
9.400000000000000000e+02 9.469000000000000000e+03
9.600000000000000000e+02 9.111000000000000000e+03
9.800000000000000000e+02 8.691000000000000000e+03
1.000000000000000000e+03 8.074000000000000000e+03
1.020000000000000000e+03 7.688000000000000000e+03
1.040000000000000000e+03 7.209000000000000000e+03
1.060000000000000000e+03 6.786000000000000000e+03
1.080000000000000000e+03 6.223000000000000000e+03
1.100000000000000000e+03 5.875000000000000000e+03
1.120000000000000000e+03 5.312000000000000000e+03
1.140000000000000000e+03 4.845000000000000000e+03
1.160000000000000000e+03 4.700000000000000000e+03
1.180000000000000000e+03 4.321000000000000000e+03
1.200000000000000000e+03 4.105000000000000000e+03
1.220000000000000000e+03 3.678000000000000000e+03
1.240000000000000000e+03 3.599000000000000000e+03
1.260000000000000000e+03 3.238000000000000000e+03
1.280000000000000000e+03 3.207000000000000000e+03
1.300000000000000000e+03 3.087000000000000000e+03
1.320000000000000000e+03 3.136000000000000000e+03
1.340000000000000000e+03 3.082000000000000000e+03
1.360000000000000000e+03 2.985000000000000000e+03
1.380000000000000000e+03 2.863000000000000000e+03
1.400000000000000000e+03 2.910000000000000000e+03
1.420000000000000000e+03 2.974000000000000000e+03
1.440000000000000000e+03 3.043000000000000000e+03
1.460000000000000000e+03 3.123000000000000000e+03
1.480000000000000000e+03 3.235000000000000000e+03
1.500000000000000000e+03 3.328000000000000000e+03
1.520000000000000000e+03 3.413000000000000000e+03
1.540000000000000000e+03 3.735000000000000000e+03
1.560000000000000000e+03 3.878000000000000000e+03
1.580000000000000000e+03 4.095000000000000000e+03
1.600000000000000000e+03 4.564000000000000000e+03
1.620000000000000000e+03 4.919000000000000000e+03
1.640000000000000000e+03 5.275000000000000000e+03
1.660000000000000000e+03 5.544000000000000000e+03
1.680000000000000000e+03 6.039000000000000000e+03
1.700000000000000000e+03 6.438000000000000000e+03
1.720000000000000000e+03 6.994000000000000000e+03
1.740000000000000000e+03 7.475000000000000000e+03
1.760000000000000000e+03 7.860000000000000000e+03
1.780000000000000000e+03 8.614000000000000000e+03
1.800000000000000000e+03 8.930000000000000000e+03
1.820000000000000000e+03 9.613000000000000000e+03
1.840000000000000000e+03 1.022300000000000000e+04
1.860000000000000000e+03 1.080300000000000000e+04
1.880000000000000000e+03 1.121400000000000000e+04
1.900000000000000000e+03 1.190600000000000000e+04
1.920000000000000000e+03 1.216700000000000000e+04
1.940000000000000000e+03 1.284500000000000000e+04
1.960000000000000000e+03 1.347100000000000000e+04
1.980000000000000000e+03 1.389500000000000000e+04
2.000000000000000000e+03 1.430100000000000000e+04
2.020000000000000000e+03 1.468700000000000000e+04
2.040000000000000000e+03 1.502300000000000000e+04
2.060000000000000000e+03 1.528200000000000000e+04
2.080000000000000000e+03 1.592400000000000000e+04
2.100000000000000000e+03 1.630700000000000000e+04
2.120000000000000000e+03 1.665800000000000000e+04
2.140000000000000000e+03 1.683300000000000000e+04
2.160000000000000000e+03 1.709500000000000000e+04
2.180000000000000000e+03 1.735900000000000000e+04
2.200000000000000000e+03 1.766700000000000000e+04
2.220000000000000000e+03 1.796300000000000000e+04
2.240000000000000000e+03 1.792100000000000000e+04
2.260000000000000000e+03 1.809400000000000000e+04
2.280000000000000000e+03 1.813100000000000000e+04
2.300000000000000000e+03 1.818700000000000000e+04
2.320000000000000000e+03 1.837600000000000000e+04
2.340000000000000000e+03 1.841800000000000000e+04
2.360000000000000000e+03 1.834500000000000000e+04
2.380000000000000000e+03 1.822500000000000000e+04
2.400000000000000000e+03 1.862000000000000000e+04
2.420000000000000000e+03 1.820900000000000000e+04
2.440000000000000000e+03 1.837100000000000000e+04
2.460000000000000000e+03 1.846400000000000000e+04
2.480000000000000000e+03 1.803700000000000000e+04
2.500000000000000000e+03 1.812500000000000000e+04
2.520000000000000000e+03 1.783700000000000000e+04
2.540000000000000000e+03 1.796500000000000000e+04
2.560000000000000000e+03 1.746900000000000000e+04
2.580000000000000000e+03 1.746300000000000000e+04
2.600000000000000000e+03 1.712800000000000000e+04
2.620000000000000000e+03 1.694200000000000000e+04
2.640000000000000000e+03 1.668100000000000000e+04
2.660000000000000000e+03 1.631200000000000000e+04
2.680000000000000000e+03 1.603000000000000000e+04
2.700000000000000000e+03 1.594000000000000000e+04
2.720000000000000000e+03 1.536000000000000000e+04
2.740000000000000000e+03 1.504900000000000000e+04
2.760000000000000000e+03 1.434900000000000000e+04
2.780000000000000000e+03 1.390400000000000000e+04
2.800000000000000000e+03 1.359100000000000000e+04
2.820000000000000000e+03 1.299300000000000000e+04
2.840000000000000000e+03 1.229900000000000000e+04
2.860000000000000000e+03 1.213600000000000000e+04
2.880000000000000000e+03 1.148800000000000000e+04
2.900000000000000000e+03 1.079400000000000000e+04
2.920000000000000000e+03 1.009800000000000000e+04
2.940000000000000000e+03 9.851000000000000000e+03
2.960000000000000000e+03 9.378000000000000000e+03
2.980000000000000000e+03 8.606000000000000000e+03
3.000000000000000000e+03 8.183000000000000000e+03
3.020000000000000000e+03 7.495000000000000000e+03
3.040000000000000000e+03 7.030000000000000000e+03
3.060000000000000000e+03 6.652000000000000000e+03
3.080000000000000000e+03 6.141000000000000000e+03
3.100000000000000000e+03 5.730000000000000000e+03
3.120000000000000000e+03 5.385000000000000000e+03
3.140000000000000000e+03 5.063000000000000000e+03
3.160000000000000000e+03 4.643000000000000000e+03
3.180000000000000000e+03 4.366000000000000000e+03
3.200000000000000000e+03 4.053000000000000000e+03
3.220000000000000000e+03 3.815000000000000000e+03
3.240000000000000000e+03 3.607000000000000000e+03
3.260000000000000000e+03 3.370000000000000000e+03
3.280000000000000000e+03 3.185000000000000000e+03
3.300000000000000000e+03 3.089000000000000000e+03
3.320000000000000000e+03 3.001000000000000000e+03
3.340000000000000000e+03 2.914000000000000000e+03
3.360000000000000000e+03 2.979000000000000000e+03
3.380000000000000000e+03 2.931000000000000000e+03
3.400000000000000000e+03 2.949000000000000000e+03
3.420000000000000000e+03 2.969000000000000000e+03
3.440000000000000000e+03 2.934000000000000000e+03
3.460000000000000000e+03 3.114000000000000000e+03
3.480000000000000000e+03 3.213000000000000000e+03
3.500000000000000000e+03 3.291000000000000000e+03
3.520000000000000000e+03 3.597000000000000000e+03
3.540000000000000000e+03 3.617000000000000000e+03
3.560000000000000000e+03 3.855000000000000000e+03
3.580000000000000000e+03 4.238000000000000000e+03
3.600000000000000000e+03 4.646000000000000000e+03
3.620000000000000000e+03 4.759000000000000000e+03
3.640000000000000000e+03 5.172000000000000000e+03
3.660000000000000000e+03 5.523000000000000000e+03
3.680000000000000000e+03 5.964000000000000000e+03
3.700000000000000000e+03 6.351000000000000000e+03
3.720000000000000000e+03 6.952000000000000000e+03
3.740000000000000000e+03 7.522000000000000000e+03
3.760000000000000000e+03 8.034000000000000000e+03
3.780000000000000000e+03 8.500000000000000000e+03
3.800000000000000000e+03 9.080000000000000000e+03
3.820000000000000000e+03 9.812000000000000000e+03
3.840000000000000000e+03 1.015600000000000000e+04
3.860000000000000000e+03 1.074800000000000000e+04
3.880000000000000000e+03 1.126500000000000000e+04
3.900000000000000000e+03 1.175700000000000000e+04
3.920000000000000000e+03 1.232700000000000000e+04
3.940000000000000000e+03 1.297400000000000000e+04
3.960000000000000000e+03 1.336100000000000000e+04
3.980000000000000000e+03 1.386000000000000000e+04
