0.000000000000000000e+00 1.369200000000000000e+04
1.400000000000000000e+01 1.426600000000000000e+04
2.800000000000000000e+01 1.479100000000000000e+04
4.200000000000000000e+01 1.517000000000000000e+04
5.600000000000000000e+01 1.536600000000000000e+04
7.000000000000000000e+01 1.572000000000000000e+04
8.400000000000000000e+01 1.594000000000000000e+04
9.800000000000000000e+01 1.637500000000000000e+04
1.120000000000000000e+02 1.674400000000000000e+04
1.260000000000000000e+02 1.699900000000000000e+04
1.400000000000000000e+02 1.705900000000000000e+04
1.540000000000000000e+02 1.718000000000000000e+04
1.680000000000000000e+02 1.743100000000000000e+04
1.820000000000000000e+02 1.765300000000000000e+04
1.960000000000000000e+02 1.761600000000000000e+04
2.100000000000000000e+02 1.780400000000000000e+04
2.240000000000000000e+02 1.784000000000000000e+04
2.380000000000000000e+02 1.802800000000000000e+04
2.520000000000000000e+02 1.776100000000000000e+04
2.660000000000000000e+02 1.794000000000000000e+04
2.800000000000000000e+02 1.789200000000000000e+04
2.940000000000000000e+02 1.788100000000000000e+04
3.080000000000000000e+02 1.787200000000000000e+04
3.220000000000000000e+02 1.787800000000000000e+04
3.360000000000000000e+02 1.759700000000000000e+04
3.500000000000000000e+02 1.763100000000000000e+04
3.640000000000000000e+02 1.756500000000000000e+04
3.780000000000000000e+02 1.746700000000000000e+04
3.920000000000000000e+02 1.728900000000000000e+04
4.060000000000000000e+02 1.700300000000000000e+04
4.200000000000000000e+02 1.683300000000000000e+04
4.340000000000000000e+02 1.654200000000000000e+04
4.480000000000000000e+02 1.617700000000000000e+04
4.620000000000000000e+02 1.583700000000000000e+04
4.760000000000000000e+02 1.602000000000000000e+04
4.900000000000000000e+02 1.560200000000000000e+04
5.040000000000000000e+02 1.504000000000000000e+04
5.180000000000000000e+02 1.449800000000000000e+04
5.320000000000000000e+02 1.443400000000000000e+04
5.460000000000000000e+02 1.392100000000000000e+04
5.600000000000000000e+02 1.341000000000000000e+04
5.740000000000000000e+02 1.292700000000000000e+04
5.880000000000000000e+02 1.251300000000000000e+04
6.020000000000000000e+02 1.190400000000000000e+04
6.160000000000000000e+02 1.138700000000000000e+04
6.300000000000000000e+02 1.077400000000000000e+04
6.440000000000000000e+02 1.044700000000000000e+04
6.580000000000000000e+02 9.933000000000000000e+03
6.720000000000000000e+02 9.393000000000000000e+03
6.860000000000000000e+02 8.964000000000000000e+03
7.000000000000000000e+02 8.412000000000000000e+03
7.140000000000000000e+02 7.702000000000000000e+03
7.280000000000000000e+02 7.452000000000000000e+03
7.420000000000000000e+02 6.920000000000000000e+03
7.560000000000000000e+02 6.471000000000000000e+03
7.700000000000000000e+02 6.131000000000000000e+03
7.840000000000000000e+02 5.586000000000000000e+03
7.980000000000000000e+02 5.252000000000000000e+03
8.120000000000000000e+02 4.776000000000000000e+03
8.260000000000000000e+02 4.495000000000000000e+03
8.400000000000000000e+02 4.266000000000000000e+03
8.540000000000000000e+02 3.913000000000000000e+03
8.680000000000000000e+02 3.801000000000000000e+03
8.820000000000000000e+02 3.476000000000000000e+03
8.960000000000000000e+02 3.401000000000000000e+03
9.100000000000000000e+02 3.225000000000000000e+03
9.240000000000000000e+02 2.926000000000000000e+03
9.380000000000000000e+02 2.834000000000000000e+03
9.520000000000000000e+02 2.779000000000000000e+03
9.660000000000000000e+02 2.835000000000000000e+03
9.800000000000000000e+02 2.820000000000000000e+03
9.940000000000000000e+02 2.807000000000000000e+03
1.008000000000000000e+03 2.799000000000000000e+03
1.022000000000000000e+03 2.787000000000000000e+03
1.036000000000000000e+03 2.863000000000000000e+03
1.050000000000000000e+03 2.989000000000000000e+03
1.064000000000000000e+03 3.075000000000000000e+03
1.078000000000000000e+03 3.329000000000000000e+03
1.092000000000000000e+03 3.479000000000000000e+03
1.106000000000000000e+03 3.762000000000000000e+03
1.120000000000000000e+03 3.953000000000000000e+03
1.134000000000000000e+03 4.199000000000000000e+03
1.148000000000000000e+03 4.631000000000000000e+03
1.162000000000000000e+03 4.806000000000000000e+03
1.176000000000000000e+03 5.134000000000000000e+03
1.190000000000000000e+03 5.471000000000000000e+03
1.204000000000000000e+03 5.921000000000000000e+03
1.218000000000000000e+03 6.377000000000000000e+03
1.232000000000000000e+03 6.782000000000000000e+03
1.246000000000000000e+03 7.228000000000000000e+03
1.260000000000000000e+03 7.863000000000000000e+03
1.274000000000000000e+03 8.412000000000000000e+03
1.288000000000000000e+03 8.806000000000000000e+03
1.302000000000000000e+03 9.343000000000000000e+03
1.316000000000000000e+03 9.870000000000000000e+03
1.330000000000000000e+03 1.056300000000000000e+04
1.344000000000000000e+03 1.079900000000000000e+04
1.358000000000000000e+03 1.150300000000000000e+04
1.372000000000000000e+03 1.196500000000000000e+04
1.386000000000000000e+03 1.236700000000000000e+04
1.400000000000000000e+03 1.310200000000000000e+04
1.414000000000000000e+03 1.348600000000000000e+04
1.428000000000000000e+03 1.398000000000000000e+04
1.442000000000000000e+03 1.434800000000000000e+04
1.456000000000000000e+03 1.480600000000000000e+04
1.470000000000000000e+03 1.504100000000000000e+04
1.484000000000000000e+03 1.535900000000000000e+04
1.498000000000000000e+03 1.600500000000000000e+04
1.512000000000000000e+03 1.588800000000000000e+04
1.526000000000000000e+03 1.651000000000000000e+04
1.540000000000000000e+03 1.664300000000000000e+04
1.554000000000000000e+03 1.700900000000000000e+04
1.568000000000000000e+03 1.718800000000000000e+04
1.582000000000000000e+03 1.717200000000000000e+04
1.596000000000000000e+03 1.767100000000000000e+04
1.610000000000000000e+03 1.761800000000000000e+04
1.624000000000000000e+03 1.758600000000000000e+04
1.638000000000000000e+03 1.793400000000000000e+04
1.652000000000000000e+03 1.762600000000000000e+04
1.666000000000000000e+03 1.815100000000000000e+04
1.680000000000000000e+03 1.779000000000000000e+04
1.694000000000000000e+03 1.795000000000000000e+04
1.708000000000000000e+03 1.770200000000000000e+04
1.722000000000000000e+03 1.786000000000000000e+04
1.736000000000000000e+03 1.786800000000000000e+04
1.750000000000000000e+03 1.787600000000000000e+04
1.764000000000000000e+03 1.769600000000000000e+04
1.778000000000000000e+03 1.750900000000000000e+04
1.792000000000000000e+03 1.762000000000000000e+04
1.806000000000000000e+03 1.744800000000000000e+04
1.820000000000000000e+03 1.722700000000000000e+04
1.834000000000000000e+03 1.710700000000000000e+04
1.848000000000000000e+03 1.673100000000000000e+04
1.862000000000000000e+03 1.659200000000000000e+04
1.876000000000000000e+03 1.628900000000000000e+04
1.890000000000000000e+03 1.615100000000000000e+04
1.904000000000000000e+03 1.575100000000000000e+04
1.918000000000000000e+03 1.540400000000000000e+04
1.932000000000000000e+03 1.486500000000000000e+04
1.946000000000000000e+03 1.461400000000000000e+04
1.960000000000000000e+03 1.432300000000000000e+04
1.974000000000000000e+03 1.395300000000000000e+04
1.988000000000000000e+03 1.350100000000000000e+04
2.002000000000000000e+03 1.294200000000000000e+04
2.016000000000000000e+03 1.255400000000000000e+04
2.030000000000000000e+03 1.198500000000000000e+04
2.044000000000000000e+03 1.138700000000000000e+04
2.058000000000000000e+03 1.089700000000000000e+04
2.072000000000000000e+03 1.059800000000000000e+04
2.086000000000000000e+03 9.912000000000000000e+03
2.100000000000000000e+03 9.365000000000000000e+03
2.114000000000000000e+03 8.864000000000000000e+03
2.128000000000000000e+03 8.448000000000000000e+03
2.142000000000000000e+03 7.972000000000000000e+03
2.156000000000000000e+03 7.341000000000000000e+03
2.170000000000000000e+03 6.733000000000000000e+03
2.184000000000000000e+03 6.534000000000000000e+03
2.198000000000000000e+03 6.042000000000000000e+03
2.212000000000000000e+03 5.593000000000000000e+03
2.226000000000000000e+03 5.141000000000000000e+03
2.240000000000000000e+03 4.690000000000000000e+03
2.254000000000000000e+03 4.489000000000000000e+03
2.268000000000000000e+03 4.248000000000000000e+03
2.282000000000000000e+03 3.889000000000000000e+03
2.296000000000000000e+03 3.714000000000000000e+03
2.310000000000000000e+03 3.485000000000000000e+03
2.324000000000000000e+03 3.271000000000000000e+03
2.338000000000000000e+03 3.127000000000000000e+03
2.352000000000000000e+03 2.985000000000000000e+03
2.366000000000000000e+03 2.926000000000000000e+03
2.380000000000000000e+03 2.825000000000000000e+03
2.394000000000000000e+03 2.723000000000000000e+03
2.408000000000000000e+03 2.742000000000000000e+03
2.422000000000000000e+03 2.801000000000000000e+03
2.436000000000000000e+03 2.803000000000000000e+03
2.450000000000000000e+03 2.862000000000000000e+03
2.464000000000000000e+03 2.833000000000000000e+03
2.478000000000000000e+03 2.958000000000000000e+03
2.492000000000000000e+03 3.177000000000000000e+03
2.506000000000000000e+03 3.268000000000000000e+03
2.520000000000000000e+03 3.487000000000000000e+03
2.534000000000000000e+03 3.762000000000000000e+03
2.548000000000000000e+03 3.924000000000000000e+03
2.562000000000000000e+03 4.298000000000000000e+03
2.576000000000000000e+03 4.606000000000000000e+03
2.590000000000000000e+03 4.785000000000000000e+03
2.604000000000000000e+03 5.163000000000000000e+03
2.618000000000000000e+03 5.534000000000000000e+03
2.632000000000000000e+03 5.833000000000000000e+03
2.646000000000000000e+03 6.603000000000000000e+03
2.660000000000000000e+03 6.968000000000000000e+03
2.674000000000000000e+03 7.303000000000000000e+03
2.688000000000000000e+03 7.760000000000000000e+03
2.702000000000000000e+03 8.222000000000000000e+03
2.716000000000000000e+03 8.741000000000000000e+03
2.730000000000000000e+03 9.361000000000000000e+03
2.744000000000000000e+03 9.909000000000000000e+03
2.758000000000000000e+03 1.039300000000000000e+04
2.772000000000000000e+03 1.096600000000000000e+04
2.786000000000000000e+03 1.133600000000000000e+04
2.800000000000000000e+03 1.193200000000000000e+04
2.814000000000000000e+03 1.248600000000000000e+04
2.828000000000000000e+03 1.309200000000000000e+04
2.842000000000000000e+03 1.360100000000000000e+04
