0.000000000000000000e+00 1.645700000000000000e+04
5.000000000000000000e+02 1.725300000000000000e+04
1.000000000000000000e+03 1.762700000000000000e+04
1.500000000000000000e+03 1.806400000000000000e+04
2.000000000000000000e+03 1.865600000000000000e+04
2.500000000000000000e+03 1.891500000000000000e+04
3.000000000000000000e+03 1.926600000000000000e+04
3.500000000000000000e+03 1.962600000000000000e+04
4.000000000000000000e+03 2.004900000000000000e+04
4.500000000000000000e+03 2.036700000000000000e+04
5.000000000000000000e+03 2.036200000000000000e+04
5.500000000000000000e+03 2.031100000000000000e+04
6.000000000000000000e+03 2.100500000000000000e+04
6.500000000000000000e+03 2.091200000000000000e+04
7.000000000000000000e+03 2.122900000000000000e+04
7.500000000000000000e+03 2.121800000000000000e+04
8.000000000000000000e+03 2.144900000000000000e+04
8.500000000000000000e+03 2.163300000000000000e+04
9.000000000000000000e+03 2.140500000000000000e+04
9.500000000000000000e+03 2.114200000000000000e+04
1.000000000000000000e+04 2.137800000000000000e+04
1.050000000000000000e+04 2.146700000000000000e+04
1.100000000000000000e+04 2.131400000000000000e+04
1.150000000000000000e+04 2.124500000000000000e+04
1.200000000000000000e+04 2.114300000000000000e+04
1.250000000000000000e+04 2.112800000000000000e+04
1.300000000000000000e+04 2.115900000000000000e+04
1.350000000000000000e+04 2.069600000000000000e+04
1.400000000000000000e+04 2.037800000000000000e+04
1.450000000000000000e+04 2.013400000000000000e+04
1.500000000000000000e+04 2.017700000000000000e+04
1.550000000000000000e+04 1.965200000000000000e+04
1.600000000000000000e+04 1.910500000000000000e+04
1.650000000000000000e+04 1.928300000000000000e+04
1.700000000000000000e+04 1.826400000000000000e+04
1.750000000000000000e+04 1.828700000000000000e+04
1.800000000000000000e+04 1.778500000000000000e+04
1.850000000000000000e+04 1.714900000000000000e+04
1.900000000000000000e+04 1.695600000000000000e+04
1.950000000000000000e+04 1.625700000000000000e+04
2.000000000000000000e+04 1.584000000000000000e+04
2.050000000000000000e+04 1.513300000000000000e+04
2.100000000000000000e+04 1.463100000000000000e+04
2.150000000000000000e+04 1.401400000000000000e+04
2.200000000000000000e+04 1.345800000000000000e+04
2.250000000000000000e+04 1.257100000000000000e+04
2.300000000000000000e+04 1.192300000000000000e+04
2.350000000000000000e+04 1.108500000000000000e+04
2.400000000000000000e+04 1.079700000000000000e+04
2.450000000000000000e+04 9.976000000000000000e+03
2.500000000000000000e+04 9.437000000000000000e+03
2.550000000000000000e+04 8.898000000000000000e+03
2.600000000000000000e+04 8.250000000000000000e+03
2.650000000000000000e+04 7.644000000000000000e+03
2.700000000000000000e+04 7.148000000000000000e+03
2.750000000000000000e+04 6.708000000000000000e+03
2.800000000000000000e+04 6.079000000000000000e+03
2.850000000000000000e+04 5.784000000000000000e+03
2.900000000000000000e+04 5.488000000000000000e+03
2.950000000000000000e+04 4.965000000000000000e+03
3.000000000000000000e+04 4.669000000000000000e+03
3.050000000000000000e+04 4.435000000000000000e+03
3.100000000000000000e+04 4.171000000000000000e+03
3.150000000000000000e+04 4.001000000000000000e+03
3.200000000000000000e+04 3.797000000000000000e+03
3.250000000000000000e+04 3.646000000000000000e+03
3.300000000000000000e+04 3.409000000000000000e+03
3.350000000000000000e+04 3.404000000000000000e+03
3.400000000000000000e+04 3.371000000000000000e+03
3.450000000000000000e+04 3.361000000000000000e+03
3.500000000000000000e+04 3.201000000000000000e+03
3.550000000000000000e+04 3.439000000000000000e+03
3.600000000000000000e+04 3.458000000000000000e+03
3.650000000000000000e+04 3.515000000000000000e+03
3.700000000000000000e+04 3.786000000000000000e+03
3.750000000000000000e+04 3.863000000000000000e+03
3.800000000000000000e+04 4.211000000000000000e+03
3.850000000000000000e+04 4.278000000000000000e+03
3.900000000000000000e+04 4.602000000000000000e+03
3.950000000000000000e+04 4.806000000000000000e+03
4.000000000000000000e+04 5.240000000000000000e+03
4.050000000000000000e+04 5.652000000000000000e+03
4.100000000000000000e+04 5.997000000000000000e+03
4.150000000000000000e+04 6.503000000000000000e+03
4.200000000000000000e+04 7.018000000000000000e+03
4.250000000000000000e+04 7.589000000000000000e+03
4.300000000000000000e+04 8.126000000000000000e+03
4.350000000000000000e+04 8.677000000000000000e+03
4.400000000000000000e+04 9.335000000000000000e+03
4.450000000000000000e+04 9.809000000000000000e+03
4.500000000000000000e+04 1.064000000000000000e+04
4.550000000000000000e+04 1.126400000000000000e+04
4.600000000000000000e+04 1.163300000000000000e+04
4.650000000000000000e+04 1.219400000000000000e+04
4.700000000000000000e+04 1.308000000000000000e+04
4.750000000000000000e+04 1.391300000000000000e+04
4.800000000000000000e+04 1.439900000000000000e+04
4.850000000000000000e+04 1.502800000000000000e+04
4.900000000000000000e+04 1.568000000000000000e+04
4.950000000000000000e+04 1.633100000000000000e+04
5.000000000000000000e+04 1.674500000000000000e+04
5.050000000000000000e+04 1.716500000000000000e+04
5.100000000000000000e+04 1.768100000000000000e+04
5.150000000000000000e+04 1.809400000000000000e+04
5.200000000000000000e+04 1.828100000000000000e+04
5.250000000000000000e+04 1.884100000000000000e+04
5.300000000000000000e+04 1.907700000000000000e+04
5.350000000000000000e+04 1.985000000000000000e+04
5.400000000000000000e+04 2.009200000000000000e+04
5.450000000000000000e+04 2.031900000000000000e+04
5.500000000000000000e+04 2.073200000000000000e+04
5.550000000000000000e+04 2.065000000000000000e+04
5.600000000000000000e+04 2.095600000000000000e+04
5.650000000000000000e+04 2.112600000000000000e+04
5.700000000000000000e+04 2.126300000000000000e+04
5.750000000000000000e+04 2.137500000000000000e+04
5.800000000000000000e+04 2.143500000000000000e+04
5.850000000000000000e+04 2.110400000000000000e+04
5.900000000000000000e+04 2.132100000000000000e+04
5.950000000000000000e+04 2.126600000000000000e+04
6.000000000000000000e+04 2.145300000000000000e+04
6.050000000000000000e+04 2.173900000000000000e+04
6.100000000000000000e+04 2.123700000000000000e+04
6.150000000000000000e+04 2.132100000000000000e+04
6.200000000000000000e+04 2.143300000000000000e+04
6.250000000000000000e+04 2.114300000000000000e+04
6.300000000000000000e+04 2.103700000000000000e+04
6.350000000000000000e+04 2.054000000000000000e+04
6.400000000000000000e+04 2.062700000000000000e+04
6.450000000000000000e+04 2.042400000000000000e+04
6.500000000000000000e+04 2.003600000000000000e+04
6.550000000000000000e+04 1.990800000000000000e+04
6.600000000000000000e+04 1.944700000000000000e+04
6.650000000000000000e+04 1.883100000000000000e+04
6.700000000000000000e+04 1.866300000000000000e+04
6.750000000000000000e+04 1.787600000000000000e+04
6.800000000000000000e+04 1.786800000000000000e+04
6.850000000000000000e+04 1.727000000000000000e+04
6.900000000000000000e+04 1.662600000000000000e+04
6.950000000000000000e+04 1.626300000000000000e+04
7.000000000000000000e+04 1.557200000000000000e+04
7.050000000000000000e+04 1.510700000000000000e+04
7.100000000000000000e+04 1.439500000000000000e+04
7.150000000000000000e+04 1.393200000000000000e+04
7.200000000000000000e+04 1.302400000000000000e+04
7.250000000000000000e+04 1.256900000000000000e+04
7.300000000000000000e+04 1.184400000000000000e+04
7.350000000000000000e+04 1.137400000000000000e+04
7.400000000000000000e+04 1.090400000000000000e+04
7.450000000000000000e+04 9.989000000000000000e+03
7.500000000000000000e+04 9.500000000000000000e+03
7.550000000000000000e+04 8.892000000000000000e+03
7.600000000000000000e+04 8.317000000000000000e+03
7.650000000000000000e+04 7.744000000000000000e+03
7.700000000000000000e+04 7.146000000000000000e+03
7.750000000000000000e+04 6.720000000000000000e+03
7.800000000000000000e+04 6.273000000000000000e+03
7.850000000000000000e+04 5.833000000000000000e+03
7.900000000000000000e+04 5.427000000000000000e+03
7.950000000000000000e+04 4.982000000000000000e+03
8.000000000000000000e+04 4.619000000000000000e+03
8.050000000000000000e+04 4.362000000000000000e+03
8.100000000000000000e+04 4.066000000000000000e+03
8.150000000000000000e+04 3.847000000000000000e+03
8.200000000000000000e+04 3.693000000000000000e+03
8.250000000000000000e+04 3.574000000000000000e+03
8.300000000000000000e+04 3.407000000000000000e+03
8.350000000000000000e+04 3.407000000000000000e+03
8.400000000000000000e+04 3.322000000000000000e+03
8.450000000000000000e+04 3.278000000000000000e+03
8.500000000000000000e+04 3.375000000000000000e+03
8.550000000000000000e+04 3.391000000000000000e+03
8.600000000000000000e+04 3.423000000000000000e+03
8.650000000000000000e+04 3.535000000000000000e+03
8.700000000000000000e+04 3.660000000000000000e+03
8.750000000000000000e+04 3.812000000000000000e+03
8.800000000000000000e+04 4.091000000000000000e+03
8.850000000000000000e+04 4.395000000000000000e+03
8.900000000000000000e+04 4.644000000000000000e+03
8.950000000000000000e+04 4.926000000000000000e+03
9.000000000000000000e+04 5.251000000000000000e+03
9.050000000000000000e+04 5.636000000000000000e+03
9.100000000000000000e+04 5.972000000000000000e+03
9.150000000000000000e+04 6.504000000000000000e+03
9.200000000000000000e+04 7.000000000000000000e+03
9.250000000000000000e+04 7.645000000000000000e+03
9.300000000000000000e+04 8.218000000000000000e+03
9.350000000000000000e+04 8.636000000000000000e+03
9.400000000000000000e+04 9.264000000000000000e+03
9.450000000000000000e+04 9.854000000000000000e+03
9.500000000000000000e+04 1.059800000000000000e+04
9.550000000000000000e+04 1.124200000000000000e+04
9.600000000000000000e+04 1.187900000000000000e+04
9.650000000000000000e+04 1.260900000000000000e+04
9.700000000000000000e+04 1.305200000000000000e+04
9.750000000000000000e+04 1.376500000000000000e+04
9.800000000000000000e+04 1.437400000000000000e+04
9.850000000000000000e+04 1.495200000000000000e+04
9.900000000000000000e+04 1.572500000000000000e+04
9.950000000000000000e+04 1.613800000000000000e+04
