0.000000000000000000e+00 4.047400000000000000e+04
3.329166666666666607e+00 4.106100000000000000e+04
6.658333333333333215e+00 4.269400000000000000e+04
9.987500000000000711e+00 4.409100000000000000e+04
1.331666666666666643e+01 4.507200000000000000e+04
1.664583333333333215e+01 4.561700000000000000e+04
1.997500000000000142e+01 4.620500000000000000e+04
2.330416666666666714e+01 4.707200000000000000e+04
2.663333333333333286e+01 4.844700000000000000e+04
2.996249999999999858e+01 4.866200000000000000e+04
3.329166666666666430e+01 4.981800000000000000e+04
3.662083333333333002e+01 4.986700000000000000e+04
3.995000000000000284e+01 5.021300000000000000e+04
4.327916666666666856e+01 5.029700000000000000e+04
4.660833333333333428e+01 5.119700000000000000e+04
4.993750000000000000e+01 5.106600000000000000e+04
5.326666666666666572e+01 5.173900000000000000e+04
5.659583333333333144e+01 5.165100000000000000e+04
5.992499999999999716e+01 5.186400000000000000e+04
6.325416666666666288e+01 5.223200000000000000e+04
6.658333333333332860e+01 5.212600000000000000e+04
6.991249999999999432e+01 5.150900000000000000e+04
7.324166666666666003e+01 5.208200000000000000e+04
7.657083333333332575e+01 5.154400000000000000e+04
7.990000000000000568e+01 5.124700000000000000e+04
8.322916666666667140e+01 5.044000000000000000e+04
8.655833333333333712e+01 5.046400000000000000e+04
8.988750000000000284e+01 5.013700000000000000e+04
9.321666666666666856e+01 4.965000000000000000e+04
9.654583333333333428e+01 4.970100000000000000e+04
9.987500000000000000e+01 4.866800000000000000e+04
1.032041666666666657e+02 4.781100000000000000e+04
1.065333333333333314e+02 4.733900000000000000e+04
1.098624999999999972e+02 4.644700000000000000e+04
1.131916666666666629e+02 4.550900000000000000e+04
1.165208333333333286e+02 4.448200000000000000e+04
1.198499999999999943e+02 4.368900000000000000e+04
1.231791666666666600e+02 4.249600000000000000e+04
1.265083333333333258e+02 4.085300000000000000e+04
1.298375000000000057e+02 4.041700000000000000e+04
1.331666666666666572e+02 3.903400000000000000e+04
1.364958333333333371e+02 3.736500000000000000e+04
1.398249999999999886e+02 3.555200000000000000e+04
1.431541666666666686e+02 3.481100000000000000e+04
1.464833333333333201e+02 3.267400000000000000e+04
1.498125000000000000e+02 3.144500000000000000e+04
1.531416666666666515e+02 2.975900000000000000e+04
1.564708333333333314e+02 2.849500000000000000e+04
1.598000000000000114e+02 2.670700000000000000e+04
1.631291666666666629e+02 2.523000000000000000e+04
1.664583333333333428e+02 2.378000000000000000e+04
1.697874999999999943e+02 2.267800000000000000e+04
1.731166666666666742e+02 2.098200000000000000e+04
1.764458333333333258e+02 1.945100000000000000e+04
1.797750000000000057e+02 1.829000000000000000e+04
1.831041666666666572e+02 1.716500000000000000e+04
1.864333333333333371e+02 1.606600000000000000e+04
1.897624999999999886e+02 1.513700000000000000e+04
1.930916666666666686e+02 1.408400000000000000e+04
1.964208333333333201e+02 1.303100000000000000e+04
1.997500000000000000e+02 1.221100000000000000e+04
2.030791666666666515e+02 1.175200000000000000e+04
2.064083333333333314e+02 1.097100000000000000e+04
2.097374999999999829e+02 1.024200000000000000e+04
2.130666666666666629e+02 9.798000000000000000e+03
2.163958333333333428e+02 9.436000000000000000e+03
2.197249999999999943e+02 9.205000000000000000e+03
2.230541666666666742e+02 8.882000000000000000e+03
2.263833333333333258e+02 8.770000000000000000e+03
2.297125000000000057e+02 8.705000000000000000e+03
2.330416666666666572e+02 8.639000000000000000e+03
2.363708333333333371e+02 9.012000000000000000e+03
2.396999999999999886e+02 9.039000000000000000e+03
2.430291666666666686e+02 9.163000000000000000e+03
2.463583333333333201e+02 9.442000000000000000e+03
2.496875000000000000e+02 9.820000000000000000e+03
2.530166666666666515e+02 1.022100000000000000e+04
2.563458333333333030e+02 1.085100000000000000e+04
2.596750000000000114e+02 1.160800000000000000e+04
2.630041666666666629e+02 1.241300000000000000e+04
2.663333333333333144e+02 1.310000000000000000e+04
2.696625000000000227e+02 1.403100000000000000e+04
2.729916666666666742e+02 1.509400000000000000e+04
2.763208333333333258e+02 1.601800000000000000e+04
2.796499999999999773e+02 1.701700000000000000e+04
2.829791666666666856e+02 1.825300000000000000e+04
2.863083333333333371e+02 1.972800000000000000e+04
2.896374999999999886e+02 2.098000000000000000e+04
2.929666666666666401e+02 2.260700000000000000e+04
2.962958333333333485e+02 2.407700000000000000e+04
2.996250000000000000e+02 2.543100000000000000e+04
3.029541666666666515e+02 2.702400000000000000e+04
3.062833333333333030e+02 2.868300000000000000e+04
3.096125000000000114e+02 2.996800000000000000e+04
3.129416666666666629e+02 3.175900000000000000e+04
3.162708333333333144e+02 3.298100000000000000e+04
3.196000000000000227e+02 3.429600000000000000e+04
3.229291666666666742e+02 3.586400000000000000e+04
3.262583333333333258e+02 3.700600000000000000e+04
3.295874999999999773e+02 3.898400000000000000e+04
3.329166666666666856e+02 3.968600000000000000e+04
3.362458333333333371e+02 4.102400000000000000e+04
3.395749999999999886e+02 4.253100000000000000e+04
3.429041666666666401e+02 4.352100000000000000e+04
3.462333333333333485e+02 4.458900000000000000e+04
3.495625000000000000e+02 4.547400000000000000e+04
3.528916666666666515e+02 4.641500000000000000e+04
3.562208333333333030e+02 4.729800000000000000e+04
3.595500000000000114e+02 4.815000000000000000e+04
3.628791666666666629e+02 4.856700000000000000e+04
3.662083333333333144e+02 4.968900000000000000e+04
3.695374999999999659e+02 4.968800000000000000e+04
3.728666666666666742e+02 5.002800000000000000e+04
3.761958333333333258e+02 5.057700000000000000e+04
3.795249999999999773e+02 5.087000000000000000e+04
3.828541666666666856e+02 5.170800000000000000e+04
3.861833333333333371e+02 5.145900000000000000e+04
3.895124999999999886e+02 5.162500000000000000e+04
3.928416666666666401e+02 5.145100000000000000e+04
3.961708333333333485e+02 5.187900000000000000e+04
3.995000000000000000e+02 5.194700000000000000e+04
4.028291666666666515e+02 5.148500000000000000e+04
4.061583333333333030e+02 5.175000000000000000e+04
4.094875000000000114e+02 5.155100000000000000e+04
4.128166666666666629e+02 5.155300000000000000e+04
4.161458333333333144e+02 5.129100000000000000e+04
4.194749999999999659e+02 5.077900000000000000e+04
4.228041666666666742e+02 5.055400000000000000e+04
4.261333333333333258e+02 4.981100000000000000e+04
4.294624999999999773e+02 4.899900000000000000e+04
4.327916666666666856e+02 4.842500000000000000e+04
4.361208333333333371e+02 4.804300000000000000e+04
4.394499999999999886e+02 4.758100000000000000e+04
4.427791666666666401e+02 4.623600000000000000e+04
4.461083333333333485e+02 4.589700000000000000e+04
4.494375000000000000e+02 4.462200000000000000e+04
4.527666666666666515e+02 4.367900000000000000e+04
4.560958333333333030e+02 4.245500000000000000e+04
4.594250000000000114e+02 4.139000000000000000e+04
4.627541666666666629e+02 4.019800000000000000e+04
4.660833333333333144e+02 3.868900000000000000e+04
4.694124999999999659e+02 3.755600000000000000e+04
4.727416666666666742e+02 3.608000000000000000e+04
4.760708333333333258e+02 3.459700000000000000e+04
4.793999999999999773e+02 3.319000000000000000e+04
4.827291666666666856e+02 3.206600000000000000e+04
4.860583333333333371e+02 2.999700000000000000e+04
4.893874999999999886e+02 2.859200000000000000e+04
4.927166666666666401e+02 2.699700000000000000e+04
4.960458333333333485e+02 2.561300000000000000e+04
4.993750000000000000e+02 2.409700000000000000e+04
5.027041666666666515e+02 2.271800000000000000e+04
5.060333333333333030e+02 2.116100000000000000e+04
5.093625000000000114e+02 1.978800000000000000e+04
5.126916666666666060e+02 1.864800000000000000e+04
5.160208333333333712e+02 1.737600000000000000e+04
5.193500000000000227e+02 1.622900000000000000e+04
5.226791666666666742e+02 1.492200000000000000e+04
5.260083333333333258e+02 1.422700000000000000e+04
5.293374999999999773e+02 1.306100000000000000e+04
5.326666666666666288e+02 1.224900000000000000e+04
5.359958333333332803e+02 1.155100000000000000e+04
5.393250000000000455e+02 1.075600000000000000e+04
5.426541666666666970e+02 1.029900000000000000e+04
5.459833333333333485e+02 9.806000000000000000e+03
5.493125000000000000e+02 9.512000000000000000e+03
5.526416666666666515e+02 9.141000000000000000e+03
5.559708333333333030e+02 8.880000000000000000e+03
5.592999999999999545e+02 8.613000000000000000e+03
5.626291666666666060e+02 8.588000000000000000e+03
5.659583333333333712e+02 8.605000000000000000e+03
5.692875000000000227e+02 8.630000000000000000e+03
5.726166666666666742e+02 8.883000000000000000e+03
5.759458333333333258e+02 9.010000000000000000e+03
5.792749999999999773e+02 9.206000000000000000e+03
5.826041666666666288e+02 9.803000000000000000e+03
5.859333333333332803e+02 1.007700000000000000e+04
5.892625000000000455e+02 1.064100000000000000e+04
5.925916666666666970e+02 1.107900000000000000e+04
5.959208333333333485e+02 1.196500000000000000e+04
5.992500000000000000e+02 1.298000000000000000e+04
6.025791666666666515e+02 1.375300000000000000e+04
6.059083333333333030e+02 1.476300000000000000e+04
6.092374999999999545e+02 1.577300000000000000e+04
6.125666666666666060e+02 1.685200000000000000e+04
6.158958333333333712e+02 1.821800000000000000e+04
6.192250000000000227e+02 1.956400000000000000e+04
6.225541666666666742e+02 2.064100000000000000e+04
6.258833333333333258e+02 2.208000000000000000e+04
6.292124999999999773e+02 2.374800000000000000e+04
6.325416666666666288e+02 2.512300000000000000e+04
6.358708333333332803e+02 2.675800000000000000e+04
6.392000000000000455e+02 2.796300000000000000e+04
6.425291666666666970e+02 2.965800000000000000e+04
6.458583333333333485e+02 3.160700000000000000e+04
6.491875000000000000e+02 3.269900000000000000e+04
6.525166666666666515e+02 3.407800000000000000e+04
6.558458333333333030e+02 3.551700000000000000e+04
6.591749999999999545e+02 3.740900000000000000e+04
6.625041666666666060e+02 3.882200000000000000e+04
