0.000000000000000000e+00 4.043900000000000000e+04
1.425000000000000044e+00 4.106100000000000000e+04
2.850000000000000089e+00 4.230400000000000000e+04
4.275000000000000355e+00 4.363200000000000000e+04
5.700000000000000178e+00 4.469200000000000000e+04
7.125000000000000000e+00 4.589900000000000000e+04
8.550000000000000711e+00 4.638300000000000000e+04
9.974999999999999645e+00 4.712500000000000000e+04
1.140000000000000036e+01 4.810300000000000000e+04
1.282500000000000107e+01 4.845500000000000000e+04
1.425000000000000000e+01 4.979800000000000000e+04
1.567500000000000071e+01 5.031000000000000000e+04
1.710000000000000142e+01 5.076700000000000000e+04
1.852500000000000213e+01 5.104000000000000000e+04
1.994999999999999929e+01 5.119300000000000000e+04
2.137500000000000000e+01 5.208900000000000000e+04
2.280000000000000071e+01 5.196200000000000000e+04
2.422500000000000142e+01 5.204400000000000000e+04
2.565000000000000213e+01 5.241400000000000000e+04
2.707499999999999929e+01 5.254400000000000000e+04
2.850000000000000000e+01 5.211600000000000000e+04
2.992500000000000071e+01 5.211800000000000000e+04
3.135000000000000142e+01 5.236000000000000000e+04
3.277499999999999858e+01 5.162400000000000000e+04
3.420000000000000284e+01 5.170200000000000000e+04
3.562500000000000000e+01 5.156700000000000000e+04
3.705000000000000426e+01 5.086100000000000000e+04
3.847500000000000142e+01 5.090400000000000000e+04
3.989999999999999858e+01 5.026300000000000000e+04
4.132500000000000284e+01 4.973600000000000000e+04
4.275000000000000000e+01 4.906300000000000000e+04
4.417500000000000426e+01 4.877400000000000000e+04
4.560000000000000142e+01 4.739100000000000000e+04
4.702499999999999858e+01 4.689000000000000000e+04
4.845000000000000284e+01 4.632100000000000000e+04
4.987500000000000000e+01 4.548300000000000000e+04
5.130000000000000426e+01 4.435100000000000000e+04
5.272500000000000142e+01 4.316400000000000000e+04
5.414999999999999858e+01 4.176900000000000000e+04
5.557500000000000284e+01 4.095500000000000000e+04
5.700000000000000000e+01 3.991000000000000000e+04
5.842500000000000426e+01 3.825700000000000000e+04
5.985000000000000142e+01 3.687700000000000000e+04
6.127499999999999858e+01 3.550000000000000000e+04
6.270000000000000284e+01 3.390300000000000000e+04
6.412500000000000000e+01 3.250500000000000000e+04
6.554999999999999716e+01 3.122300000000000000e+04
6.697500000000000853e+01 2.962000000000000000e+04
6.840000000000000568e+01 2.795700000000000000e+04
6.982500000000000284e+01 2.629600000000000000e+04
7.125000000000000000e+01 2.482600000000000000e+04
7.267499999999999716e+01 2.325700000000000000e+04
7.410000000000000853e+01 2.203500000000000000e+04
7.552500000000000568e+01 2.035700000000000000e+04
7.695000000000000284e+01 1.891700000000000000e+04
7.837500000000000000e+01 1.817400000000000000e+04
7.979999999999999716e+01 1.695800000000000000e+04
8.122500000000000853e+01 1.571100000000000000e+04
8.265000000000000568e+01 1.472100000000000000e+04
8.407500000000000284e+01 1.381800000000000000e+04
8.550000000000000000e+01 1.284400000000000000e+04
8.692499999999999716e+01 1.210500000000000000e+04
8.835000000000000853e+01 1.154600000000000000e+04
8.977500000000000568e+01 1.075100000000000000e+04
9.120000000000000284e+01 1.039500000000000000e+04
9.262500000000000000e+01 9.834000000000000000e+03
9.404999999999999716e+01 9.454000000000000000e+03
9.547500000000000853e+01 9.394000000000000000e+03
9.690000000000000568e+01 9.270000000000000000e+03
9.832500000000000284e+01 9.041000000000000000e+03
9.975000000000000000e+01 9.045000000000000000e+03
1.011749999999999972e+02 9.047000000000000000e+03
1.026000000000000085e+02 9.101000000000000000e+03
1.040250000000000057e+02 9.399000000000000000e+03
1.054500000000000028e+02 9.377000000000000000e+03
1.068750000000000000e+02 9.924000000000000000e+03
1.082999999999999972e+02 1.040600000000000000e+04
1.097250000000000085e+02 1.078200000000000000e+04
1.111500000000000057e+02 1.143700000000000000e+04
1.125750000000000028e+02 1.223500000000000000e+04
1.140000000000000000e+02 1.279600000000000000e+04
1.154249999999999972e+02 1.359000000000000000e+04
1.168500000000000085e+02 1.472700000000000000e+04
1.182750000000000057e+02 1.568500000000000000e+04
1.197000000000000028e+02 1.675200000000000000e+04
1.211250000000000000e+02 1.807700000000000000e+04
1.225499999999999972e+02 1.930700000000000000e+04
1.239750000000000085e+02 2.053000000000000000e+04
1.254000000000000057e+02 2.212000000000000000e+04
1.268250000000000028e+02 2.344000000000000000e+04
1.282500000000000000e+02 2.495500000000000000e+04
1.296750000000000114e+02 2.639700000000000000e+04
1.310999999999999943e+02 2.789200000000000000e+04
1.325250000000000057e+02 2.948600000000000000e+04
1.339500000000000171e+02 3.126300000000000000e+04
1.353750000000000000e+02 3.234300000000000000e+04
1.368000000000000114e+02 3.389200000000000000e+04
1.382249999999999943e+02 3.533300000000000000e+04
1.396500000000000057e+02 3.677200000000000000e+04
1.410750000000000171e+02 3.856600000000000000e+04
1.425000000000000000e+02 3.950900000000000000e+04
1.439250000000000114e+02 4.088100000000000000e+04
1.453499999999999943e+02 4.223500000000000000e+04
1.467750000000000057e+02 4.329200000000000000e+04
1.482000000000000171e+02 4.426300000000000000e+04
1.496250000000000000e+02 4.566200000000000000e+04
1.510500000000000114e+02 4.618000000000000000e+04
1.524749999999999943e+02 4.702600000000000000e+04
1.539000000000000057e+02 4.790000000000000000e+04
1.553250000000000171e+02 4.852500000000000000e+04
1.567500000000000000e+02 4.942900000000000000e+04
1.581750000000000114e+02 4.992300000000000000e+04
1.595999999999999943e+02 5.033600000000000000e+04
1.610250000000000057e+02 5.105700000000000000e+04
1.624500000000000171e+02 5.083200000000000000e+04
1.638750000000000000e+02 5.121700000000000000e+04
1.653000000000000114e+02 5.175000000000000000e+04
1.667249999999999943e+02 5.205600000000000000e+04
1.681500000000000057e+02 5.156900000000000000e+04
1.695750000000000171e+02 5.216100000000000000e+04
1.710000000000000000e+02 5.212400000000000000e+04
1.724250000000000114e+02 5.223100000000000000e+04
1.738499999999999943e+02 5.197600000000000000e+04
1.752750000000000057e+02 5.217100000000000000e+04
1.767000000000000171e+02 5.189800000000000000e+04
1.781250000000000000e+02 5.169600000000000000e+04
1.795500000000000114e+02 5.125100000000000000e+04
1.809749999999999943e+02 5.083100000000000000e+04
1.824000000000000057e+02 5.057400000000000000e+04
1.838250000000000171e+02 4.997900000000000000e+04
1.852500000000000000e+02 4.940100000000000000e+04
1.866750000000000114e+02 4.880900000000000000e+04
1.880999999999999943e+02 4.829900000000000000e+04
1.895250000000000057e+02 4.742800000000000000e+04
1.909500000000000171e+02 4.618600000000000000e+04
1.923750000000000000e+02 4.559500000000000000e+04
1.938000000000000114e+02 4.458300000000000000e+04
1.952249999999999943e+02 4.374500000000000000e+04
1.966500000000000057e+02 4.256100000000000000e+04
1.980750000000000171e+02 4.092800000000000000e+04
1.995000000000000000e+02 4.010600000000000000e+04
2.009250000000000114e+02 3.883400000000000000e+04
2.023499999999999943e+02 3.717000000000000000e+04
2.037750000000000057e+02 3.592800000000000000e+04
2.052000000000000171e+02 3.423500000000000000e+04
2.066250000000000000e+02 3.316100000000000000e+04
2.080500000000000114e+02 3.133000000000000000e+04
2.094749999999999943e+02 2.976000000000000000e+04
2.109000000000000057e+02 2.844100000000000000e+04
2.123250000000000171e+02 2.683100000000000000e+04
2.137500000000000000e+02 2.538500000000000000e+04
2.151750000000000114e+02 2.392900000000000000e+04
2.165999999999999943e+02 2.218400000000000000e+04
2.180250000000000057e+02 2.081200000000000000e+04
2.194500000000000171e+02 1.941800000000000000e+04
2.208750000000000000e+02 1.828500000000000000e+04
2.223000000000000114e+02 1.715700000000000000e+04
2.237249999999999943e+02 1.614600000000000000e+04
2.251500000000000057e+02 1.519000000000000000e+04
2.265750000000000171e+02 1.401200000000000000e+04
2.280000000000000000e+02 1.321600000000000000e+04
2.294250000000000114e+02 1.214000000000000000e+04
2.308499999999999943e+02 1.140900000000000000e+04
2.322750000000000057e+02 1.095400000000000000e+04
2.337000000000000171e+02 1.029100000000000000e+04
2.351250000000000000e+02 9.800000000000000000e+03
2.365500000000000114e+02 9.659000000000000000e+03
2.379749999999999943e+02 9.165000000000000000e+03
2.394000000000000057e+02 9.111000000000000000e+03
2.408250000000000171e+02 8.920000000000000000e+03
2.422500000000000000e+02 8.699000000000000000e+03
2.436750000000000114e+02 8.930000000000000000e+03
2.450999999999999943e+02 9.118000000000000000e+03
2.465250000000000057e+02 9.142000000000000000e+03
2.479500000000000171e+02 9.527000000000000000e+03
2.493750000000000000e+02 9.759000000000000000e+03
2.508000000000000114e+02 1.047800000000000000e+04
2.522249999999999943e+02 1.080000000000000000e+04
2.536500000000000057e+02 1.104200000000000000e+04
2.550750000000000171e+02 1.192700000000000000e+04
2.565000000000000000e+02 1.259300000000000000e+04
2.579250000000000114e+02 1.357200000000000000e+04
2.593500000000000227e+02 1.429200000000000000e+04
2.607750000000000341e+02 1.543200000000000000e+04
2.621999999999999886e+02 1.652300000000000000e+04
2.636250000000000000e+02 1.717800000000000000e+04
2.650500000000000114e+02 1.875700000000000000e+04
2.664750000000000227e+02 2.042900000000000000e+04
2.679000000000000341e+02 2.166500000000000000e+04
2.693249999999999886e+02 2.286700000000000000e+04
2.707500000000000000e+02 2.432200000000000000e+04
2.721750000000000114e+02 2.598600000000000000e+04
2.736000000000000227e+02 2.740200000000000000e+04
2.750250000000000341e+02 2.911100000000000000e+04
2.764499999999999886e+02 3.028500000000000000e+04
2.778750000000000000e+02 3.196300000000000000e+04
2.793000000000000114e+02 3.377900000000000000e+04
2.807250000000000227e+02 3.517100000000000000e+04
2.821500000000000341e+02 3.642000000000000000e+04
2.835749999999999886e+02 3.785500000000000000e+04
