0.000000000000000000e+00 4.220300000000000000e+04
1.000000000000000000e+04 4.551200000000000000e+04
2.000000000000000000e+04 4.714200000000000000e+04
3.000000000000000000e+04 4.794500000000000000e+04
4.000000000000000000e+04 4.894700000000000000e+04
5.000000000000000000e+04 4.953600000000000000e+04
6.000000000000000000e+04 5.031600000000000000e+04
7.000000000000000000e+04 5.125300000000000000e+04
8.000000000000000000e+04 5.200700000000000000e+04
9.000000000000000000e+04 5.264800000000000000e+04
1.000000000000000000e+05 5.291700000000000000e+04
1.100000000000000000e+05 5.319200000000000000e+04
1.200000000000000000e+05 5.394300000000000000e+04
1.300000000000000000e+05 5.460700000000000000e+04
1.400000000000000000e+05 5.442100000000000000e+04
1.500000000000000000e+05 5.468400000000000000e+04
1.600000000000000000e+05 5.444500000000000000e+04
1.700000000000000000e+05 5.537000000000000000e+04
1.800000000000000000e+05 5.481700000000000000e+04
1.900000000000000000e+05 5.495900000000000000e+04
2.000000000000000000e+05 5.509400000000000000e+04
2.100000000000000000e+05 5.453100000000000000e+04
2.200000000000000000e+05 5.416300000000000000e+04
2.300000000000000000e+05 5.392600000000000000e+04
2.400000000000000000e+05 5.401700000000000000e+04
2.500000000000000000e+05 5.341800000000000000e+04
2.600000000000000000e+05 5.290900000000000000e+04
2.700000000000000000e+05 5.263600000000000000e+04
2.800000000000000000e+05 5.166000000000000000e+04
2.900000000000000000e+05 5.086500000000000000e+04
3.000000000000000000e+05 5.031000000000000000e+04
3.100000000000000000e+05 4.910800000000000000e+04
3.200000000000000000e+05 4.845700000000000000e+04
3.300000000000000000e+05 4.751500000000000000e+04
3.400000000000000000e+05 4.658100000000000000e+04
3.500000000000000000e+05 4.571000000000000000e+04
3.600000000000000000e+05 4.463800000000000000e+04
3.700000000000000000e+05 4.294000000000000000e+04
3.800000000000000000e+05 4.186600000000000000e+04
3.900000000000000000e+05 4.076800000000000000e+04
4.000000000000000000e+05 3.927500000000000000e+04
4.100000000000000000e+05 3.760700000000000000e+04
4.200000000000000000e+05 3.583200000000000000e+04
4.300000000000000000e+05 3.432300000000000000e+04
4.400000000000000000e+05 3.243600000000000000e+04
4.500000000000000000e+05 3.113800000000000000e+04
4.600000000000000000e+05 2.966300000000000000e+04
4.700000000000000000e+05 2.778500000000000000e+04
4.800000000000000000e+05 2.639900000000000000e+04
4.900000000000000000e+05 2.480700000000000000e+04
5.000000000000000000e+05 2.320400000000000000e+04
5.100000000000000000e+05 2.151900000000000000e+04
5.200000000000000000e+05 2.020100000000000000e+04
5.300000000000000000e+05 1.912200000000000000e+04
5.400000000000000000e+05 1.756900000000000000e+04
5.500000000000000000e+05 1.618200000000000000e+04
5.600000000000000000e+05 1.516200000000000000e+04
5.700000000000000000e+05 1.415300000000000000e+04
5.800000000000000000e+05 1.300200000000000000e+04
5.900000000000000000e+05 1.225200000000000000e+04
6.000000000000000000e+05 1.123600000000000000e+04
6.100000000000000000e+05 1.060000000000000000e+04
6.200000000000000000e+05 9.932000000000000000e+03
6.300000000000000000e+05 9.541000000000000000e+03
6.400000000000000000e+05 8.965000000000000000e+03
6.500000000000000000e+05 8.504000000000000000e+03
6.600000000000000000e+05 8.530000000000000000e+03
6.700000000000000000e+05 8.239000000000000000e+03
6.800000000000000000e+05 8.134000000000000000e+03
6.900000000000000000e+05 8.004000000000000000e+03
7.000000000000000000e+05 8.043000000000000000e+03
7.100000000000000000e+05 8.183000000000000000e+03
7.200000000000000000e+05 8.249000000000000000e+03
7.300000000000000000e+05 8.542000000000000000e+03
7.400000000000000000e+05 8.810000000000000000e+03
7.500000000000000000e+05 9.054000000000000000e+03
7.600000000000000000e+05 9.932000000000000000e+03
7.700000000000000000e+05 1.025500000000000000e+04
7.800000000000000000e+05 1.113100000000000000e+04
7.900000000000000000e+05 1.188700000000000000e+04
8.000000000000000000e+05 1.275300000000000000e+04
8.100000000000000000e+05 1.358200000000000000e+04
8.200000000000000000e+05 1.468400000000000000e+04
8.300000000000000000e+05 1.583200000000000000e+04
8.400000000000000000e+05 1.666500000000000000e+04
8.500000000000000000e+05 1.818700000000000000e+04
8.600000000000000000e+05 1.970400000000000000e+04
8.700000000000000000e+05 2.103600000000000000e+04
8.800000000000000000e+05 2.262800000000000000e+04
8.900000000000000000e+05 2.419200000000000000e+04
9.000000000000000000e+05 2.575900000000000000e+04
9.100000000000000000e+05 2.744700000000000000e+04
9.200000000000000000e+05 2.925300000000000000e+04
9.300000000000000000e+05 3.048700000000000000e+04
9.400000000000000000e+05 3.194400000000000000e+04
9.500000000000000000e+05 3.372000000000000000e+04
9.600000000000000000e+05 3.562900000000000000e+04
9.700000000000000000e+05 3.656100000000000000e+04
9.800000000000000000e+05 3.810100000000000000e+04
9.900000000000000000e+05 3.965600000000000000e+04
1.000000000000000000e+06 4.063900000000000000e+04
1.010000000000000000e+06 4.294600000000000000e+04
1.020000000000000000e+06 4.345700000000000000e+04
1.030000000000000000e+06 4.475100000000000000e+04
1.040000000000000000e+06 4.563500000000000000e+04
1.050000000000000000e+06 4.655700000000000000e+04
1.060000000000000000e+06 4.783200000000000000e+04
1.070000000000000000e+06 4.834300000000000000e+04
1.080000000000000000e+06 4.968300000000000000e+04
1.090000000000000000e+06 4.990800000000000000e+04
1.100000000000000000e+06 5.111900000000000000e+04
1.110000000000000000e+06 5.120700000000000000e+04
1.120000000000000000e+06 5.159300000000000000e+04
1.130000000000000000e+06 5.179900000000000000e+04
1.140000000000000000e+06 5.236900000000000000e+04
1.150000000000000000e+06 5.265200000000000000e+04
1.160000000000000000e+06 5.296200000000000000e+04
1.170000000000000000e+06 5.319800000000000000e+04
1.180000000000000000e+06 5.314400000000000000e+04
1.190000000000000000e+06 5.353000000000000000e+04
1.200000000000000000e+06 5.311000000000000000e+04
1.210000000000000000e+06 5.312000000000000000e+04
1.220000000000000000e+06 5.235100000000000000e+04
1.230000000000000000e+06 5.226700000000000000e+04
1.240000000000000000e+06 5.205100000000000000e+04
1.250000000000000000e+06 5.169600000000000000e+04
1.260000000000000000e+06 5.159700000000000000e+04
1.270000000000000000e+06 5.110800000000000000e+04
1.280000000000000000e+06 5.091500000000000000e+04
1.290000000000000000e+06 4.986500000000000000e+04
1.300000000000000000e+06 4.922900000000000000e+04
1.310000000000000000e+06 4.887500000000000000e+04
1.320000000000000000e+06 4.779900000000000000e+04
1.330000000000000000e+06 4.703400000000000000e+04
1.340000000000000000e+06 4.632500000000000000e+04
1.350000000000000000e+06 4.485400000000000000e+04
1.360000000000000000e+06 4.372400000000000000e+04
1.370000000000000000e+06 4.248400000000000000e+04
1.380000000000000000e+06 4.108700000000000000e+04
1.390000000000000000e+06 3.961100000000000000e+04
1.400000000000000000e+06 3.899300000000000000e+04
1.410000000000000000e+06 3.701600000000000000e+04
1.420000000000000000e+06 3.558600000000000000e+04
1.430000000000000000e+06 3.353600000000000000e+04
1.440000000000000000e+06 3.258200000000000000e+04
1.450000000000000000e+06 3.122000000000000000e+04
1.460000000000000000e+06 2.950800000000000000e+04
1.470000000000000000e+06 2.773400000000000000e+04
1.480000000000000000e+06 2.614800000000000000e+04
1.490000000000000000e+06 2.440300000000000000e+04
1.500000000000000000e+06 2.272000000000000000e+04
1.510000000000000000e+06 2.133900000000000000e+04
1.520000000000000000e+06 2.015400000000000000e+04
1.530000000000000000e+06 1.885400000000000000e+04
1.540000000000000000e+06 1.735700000000000000e+04
1.550000000000000000e+06 1.654700000000000000e+04
1.560000000000000000e+06 1.499800000000000000e+04
1.570000000000000000e+06 1.408500000000000000e+04
1.580000000000000000e+06 1.318100000000000000e+04
1.590000000000000000e+06 1.228500000000000000e+04
1.600000000000000000e+06 1.139800000000000000e+04
1.610000000000000000e+06 1.049600000000000000e+04
1.620000000000000000e+06 9.928000000000000000e+03
1.630000000000000000e+06 9.408000000000000000e+03
1.640000000000000000e+06 9.107000000000000000e+03
1.650000000000000000e+06 8.619000000000000000e+03
1.660000000000000000e+06 8.504000000000000000e+03
1.670000000000000000e+06 7.950000000000000000e+03
1.680000000000000000e+06 7.891000000000000000e+03
1.690000000000000000e+06 7.959000000000000000e+03
1.700000000000000000e+06 7.983000000000000000e+03
1.710000000000000000e+06 8.099000000000000000e+03
1.720000000000000000e+06 8.207000000000000000e+03
1.730000000000000000e+06 8.338000000000000000e+03
1.740000000000000000e+06 8.929000000000000000e+03
1.750000000000000000e+06 9.251000000000000000e+03
1.760000000000000000e+06 9.667000000000000000e+03
1.770000000000000000e+06 1.056200000000000000e+04
1.780000000000000000e+06 1.092300000000000000e+04
1.790000000000000000e+06 1.205200000000000000e+04
1.800000000000000000e+06 1.265200000000000000e+04
1.810000000000000000e+06 1.365400000000000000e+04
1.820000000000000000e+06 1.474300000000000000e+04
1.830000000000000000e+06 1.564900000000000000e+04
1.840000000000000000e+06 1.700100000000000000e+04
1.850000000000000000e+06 1.841300000000000000e+04
1.860000000000000000e+06 1.969100000000000000e+04
1.870000000000000000e+06 2.125100000000000000e+04
1.880000000000000000e+06 2.254900000000000000e+04
1.890000000000000000e+06 2.417400000000000000e+04
1.900000000000000000e+06 2.565400000000000000e+04
1.910000000000000000e+06 2.691100000000000000e+04
1.920000000000000000e+06 2.894900000000000000e+04
1.930000000000000000e+06 3.033000000000000000e+04
1.940000000000000000e+06 3.199300000000000000e+04
1.950000000000000000e+06 3.311300000000000000e+04
1.960000000000000000e+06 3.509600000000000000e+04
1.970000000000000000e+06 3.686400000000000000e+04
1.980000000000000000e+06 3.796300000000000000e+04
1.990000000000000000e+06 3.969000000000000000e+04
