0.000000000000000000e+00 3.309100000000000000e+04
8.333333333333333218e-03 3.278700000000000000e+04
1.666666666666666644e-02 3.248900000000000000e+04
2.500000000000000139e-02 3.186900000000000000e+04
3.333333333333333287e-02 3.122100000000000000e+04
4.166666666666666435e-02 3.127700000000000000e+04
5.000000000000000278e-02 3.065500000000000000e+04
5.833333333333333426e-02 2.995700000000000000e+04
6.666666666666666574e-02 2.957600000000000000e+04
7.499999999999999722e-02 2.858000000000000000e+04
8.333333333333332871e-02 2.817200000000000000e+04
9.166666666666666019e-02 2.776600000000000000e+04
1.000000000000000056e-01 2.682500000000000000e+04
1.083333333333333370e-01 2.600600000000000000e+04
1.166666666666666685e-01 2.536500000000000000e+04
1.250000000000000000e-01 2.454100000000000000e+04
1.333333333333333315e-01 2.406200000000000000e+04
1.416666666666666630e-01 2.291900000000000000e+04
1.499999999999999944e-01 2.211000000000000000e+04
1.583333333333333259e-01 2.117000000000000000e+04
1.666666666666666574e-01 2.070100000000000000e+04
1.749999999999999889e-01 1.986300000000000000e+04
1.833333333333333204e-01 1.904700000000000000e+04
1.916666666666666519e-01 1.797300000000000000e+04
2.000000000000000111e-01 1.701000000000000000e+04
2.083333333333333426e-01 1.674300000000000000e+04
2.166666666666666741e-01 1.583800000000000000e+04
2.250000000000000056e-01 1.505000000000000000e+04
2.333333333333333370e-01 1.439100000000000000e+04
2.416666666666666685e-01 1.377700000000000000e+04
2.500000000000000000e-01 1.298200000000000000e+04
2.583333333333333037e-01 1.219100000000000000e+04
2.666666666666666630e-01 1.151100000000000000e+04
2.750000000000000222e-01 1.112300000000000000e+04
2.833333333333333259e-01 1.061700000000000000e+04
2.916666666666666852e-01 1.019900000000000000e+04
2.999999999999999889e-01 9.735000000000000000e+03
3.083333333333333481e-01 9.166000000000000000e+03
3.166666666666666519e-01 8.798000000000000000e+03
3.250000000000000111e-01 8.603000000000000000e+03
3.333333333333333148e-01 8.209000000000000000e+03
3.416666666666666741e-01 8.016000000000000000e+03
3.499999999999999778e-01 7.857000000000000000e+03
3.583333333333333370e-01 7.431000000000000000e+03
3.666666666666666408e-01 7.403000000000000000e+03
3.750000000000000000e-01 7.171000000000000000e+03
3.833333333333333037e-01 7.085000000000000000e+03
3.916666666666666630e-01 6.988000000000000000e+03
4.000000000000000222e-01 7.102000000000000000e+03
4.083333333333333259e-01 6.975000000000000000e+03
4.166666666666666852e-01 7.239000000000000000e+03
4.249999999999999889e-01 7.120000000000000000e+03
4.333333333333333481e-01 7.182000000000000000e+03
4.416666666666666519e-01 7.380000000000000000e+03
4.500000000000000111e-01 7.612000000000000000e+03
4.583333333333333148e-01 7.714000000000000000e+03
4.666666666666666741e-01 7.985000000000000000e+03
4.749999999999999778e-01 8.212000000000000000e+03
4.833333333333333370e-01 8.799000000000000000e+03
4.916666666666666408e-01 8.949000000000000000e+03
5.000000000000000000e-01 9.360000000000000000e+03
5.083333333333333037e-01 9.893000000000000000e+03
5.166666666666666075e-01 1.039200000000000000e+04
5.250000000000000222e-01 1.072500000000000000e+04
5.333333333333333259e-01 1.140200000000000000e+04
5.416666666666666297e-01 1.212500000000000000e+04
5.500000000000000444e-01 1.261100000000000000e+04
5.583333333333333481e-01 1.330400000000000000e+04
5.666666666666666519e-01 1.378600000000000000e+04
5.749999999999999556e-01 1.470200000000000000e+04
5.833333333333333703e-01 1.541700000000000000e+04
5.916666666666666741e-01 1.608900000000000000e+04
5.999999999999999778e-01 1.709500000000000000e+04
6.083333333333332815e-01 1.764200000000000000e+04
6.166666666666666963e-01 1.836800000000000000e+04
6.250000000000000000e-01 1.908300000000000000e+04
6.333333333333333037e-01 2.006700000000000000e+04
6.416666666666666075e-01 2.114700000000000000e+04
6.500000000000000222e-01 2.163700000000000000e+04
6.583333333333333259e-01 2.266100000000000000e+04
6.666666666666666297e-01 2.347400000000000000e+04
6.750000000000000444e-01 2.399800000000000000e+04
6.833333333333333481e-01 2.493300000000000000e+04
6.916666666666666519e-01 2.554400000000000000e+04
6.999999999999999556e-01 2.613000000000000000e+04
7.083333333333333703e-01 2.673000000000000000e+04
7.166666666666666741e-01 2.782700000000000000e+04
7.249999999999999778e-01 2.814300000000000000e+04
7.333333333333332815e-01 2.896000000000000000e+04
7.416666666666666963e-01 2.957400000000000000e+04
7.500000000000000000e-01 2.960500000000000000e+04
7.583333333333333037e-01 3.007500000000000000e+04
7.666666666666666075e-01 3.073700000000000000e+04
7.750000000000000222e-01 3.108600000000000000e+04
7.833333333333333259e-01 3.162700000000000000e+04
7.916666666666666297e-01 3.229200000000000000e+04
8.000000000000000444e-01 3.251000000000000000e+04
8.083333333333333481e-01 3.278600000000000000e+04
8.166666666666666519e-01 3.315200000000000000e+04
8.249999999999999556e-01 3.331000000000000000e+04
8.333333333333333703e-01 3.363500000000000000e+04
8.416666666666666741e-01 3.381400000000000000e+04
8.499999999999999778e-01 3.388800000000000000e+04
8.583333333333332815e-01 3.395200000000000000e+04
8.666666666666666963e-01 3.447100000000000000e+04
8.750000000000000000e-01 3.447400000000000000e+04
8.833333333333333037e-01 3.402800000000000000e+04
8.916666666666666075e-01 3.467200000000000000e+04
9.000000000000000222e-01 3.472900000000000000e+04
9.083333333333333259e-01 3.476400000000000000e+04
9.166666666666666297e-01 3.483900000000000000e+04
9.249999999999999334e-01 3.468000000000000000e+04
9.333333333333333481e-01 3.424700000000000000e+04
9.416666666666666519e-01 3.424600000000000000e+04
9.499999999999999556e-01 3.440000000000000000e+04
9.583333333333333703e-01 3.415000000000000000e+04
9.666666666666666741e-01 3.410200000000000000e+04
9.749999999999999778e-01 3.383200000000000000e+04
9.833333333333332815e-01 3.334800000000000000e+04
9.916666666666666963e-01 3.347200000000000000e+04
1.000000000000000000e+00 3.339500000000000000e+04
1.008333333333333304e+00 3.217000000000000000e+04
1.016666666666666607e+00 3.220400000000000000e+04
1.024999999999999911e+00 3.180900000000000000e+04
1.033333333333333215e+00 3.142500000000000000e+04
1.041666666666666741e+00 3.107600000000000000e+04
1.050000000000000044e+00 3.049700000000000000e+04
1.058333333333333348e+00 2.996600000000000000e+04
1.066666666666666652e+00 2.966200000000000000e+04
1.074999999999999956e+00 2.899800000000000000e+04
1.083333333333333259e+00 2.794700000000000000e+04
1.091666666666666563e+00 2.771400000000000000e+04
1.100000000000000089e+00 2.707200000000000000e+04
1.108333333333333393e+00 2.622400000000000000e+04
1.116666666666666696e+00 2.557000000000000000e+04
1.125000000000000000e+00 2.475400000000000000e+04
1.133333333333333304e+00 2.404700000000000000e+04
1.141666666666666607e+00 2.293100000000000000e+04
1.149999999999999911e+00 2.210800000000000000e+04
1.158333333333333215e+00 2.118500000000000000e+04
1.166666666666666741e+00 2.073500000000000000e+04
1.175000000000000044e+00 1.953900000000000000e+04
1.183333333333333348e+00 1.895700000000000000e+04
1.191666666666666652e+00 1.815300000000000000e+04
1.199999999999999956e+00 1.733700000000000000e+04
1.208333333333333259e+00 1.657900000000000000e+04
1.216666666666666563e+00 1.595500000000000000e+04
1.225000000000000089e+00 1.495200000000000000e+04
1.233333333333333393e+00 1.427000000000000000e+04
1.241666666666666696e+00 1.349400000000000000e+04
1.250000000000000000e+00 1.296800000000000000e+04
1.258333333333333304e+00 1.212100000000000000e+04
1.266666666666666607e+00 1.174700000000000000e+04
1.274999999999999911e+00 1.111000000000000000e+04
1.283333333333333215e+00 1.063400000000000000e+04
1.291666666666666741e+00 9.907000000000000000e+03
1.300000000000000044e+00 9.418000000000000000e+03
1.308333333333333348e+00 9.069000000000000000e+03
1.316666666666666652e+00 8.729000000000000000e+03
1.324999999999999956e+00 8.532000000000000000e+03
1.333333333333333259e+00 8.198000000000000000e+03
1.341666666666666563e+00 7.857000000000000000e+03
1.350000000000000089e+00 7.695000000000000000e+03
1.358333333333333393e+00 7.350000000000000000e+03
1.366666666666666696e+00 7.283000000000000000e+03
1.375000000000000000e+00 7.221000000000000000e+03
1.383333333333333304e+00 6.958000000000000000e+03
1.391666666666666607e+00 6.929000000000000000e+03
1.399999999999999911e+00 6.982000000000000000e+03
1.408333333333333215e+00 6.928000000000000000e+03
1.416666666666666741e+00 6.860000000000000000e+03
1.425000000000000044e+00 7.119000000000000000e+03
1.433333333333333348e+00 7.185000000000000000e+03
1.441666666666666652e+00 7.246000000000000000e+03
1.449999999999999956e+00 7.485000000000000000e+03
1.458333333333333259e+00 7.617000000000000000e+03
1.466666666666666563e+00 7.826000000000000000e+03
1.475000000000000089e+00 8.146000000000000000e+03
1.483333333333333393e+00 8.598000000000000000e+03
1.491666666666666696e+00 9.019000000000000000e+03
1.500000000000000000e+00 9.368000000000000000e+03
1.508333333333333304e+00 9.893000000000000000e+03
1.516666666666666607e+00 1.032300000000000000e+04
1.524999999999999911e+00 1.052100000000000000e+04
1.533333333333333215e+00 1.141100000000000000e+04
1.541666666666666741e+00 1.200300000000000000e+04
1.550000000000000044e+00 1.241000000000000000e+04
1.558333333333333348e+00 1.321700000000000000e+04
1.566666666666666652e+00 1.373400000000000000e+04
1.574999999999999956e+00 1.454600000000000000e+04
1.583333333333333259e+00 1.533700000000000000e+04
1.591666666666666563e+00 1.602300000000000000e+04
1.600000000000000089e+00 1.682100000000000000e+04
1.608333333333333393e+00 1.756300000000000000e+04
1.616666666666666696e+00 1.854400000000000000e+04
1.625000000000000000e+00 1.914800000000000000e+04
1.633333333333333304e+00 1.982100000000000000e+04
1.641666666666666607e+00 2.053400000000000000e+04
1.649999999999999911e+00 2.144100000000000000e+04
1.658333333333333215e+00 2.229400000000000000e+04
1.666666666666666741e+00 2.314700000000000000e+04
1.675000000000000044e+00 2.392900000000000000e+04
1.683333333333333348e+00 2.483600000000000000e+04
1.691666666666666652e+00 2.551800000000000000e+04
