0.000000000000000000e+00 1.552300000000000000e+04
1.420000000000000000e+02 1.623900000000000000e+04
2.840000000000000000e+02 1.646700000000000000e+04
4.260000000000000000e+02 1.690700000000000000e+04
5.680000000000000000e+02 1.752400000000000000e+04
7.100000000000000000e+02 1.790300000000000000e+04
8.520000000000000000e+02 1.807400000000000000e+04
9.940000000000000000e+02 1.852400000000000000e+04
1.136000000000000000e+03 1.897400000000000000e+04
1.278000000000000000e+03 1.907700000000000000e+04
1.420000000000000000e+03 1.903000000000000000e+04
1.562000000000000000e+03 1.940800000000000000e+04
1.704000000000000000e+03 1.959400000000000000e+04
1.846000000000000000e+03 1.978700000000000000e+04
1.988000000000000000e+03 2.007900000000000000e+04
2.130000000000000000e+03 2.015600000000000000e+04
2.272000000000000000e+03 2.008700000000000000e+04
2.414000000000000000e+03 2.022900000000000000e+04
2.556000000000000000e+03 2.025700000000000000e+04
2.698000000000000000e+03 2.005400000000000000e+04
2.840000000000000000e+03 2.004100000000000000e+04
2.982000000000000000e+03 1.987100000000000000e+04
3.124000000000000000e+03 1.988200000000000000e+04
3.266000000000000000e+03 2.004400000000000000e+04
3.408000000000000000e+03 2.016200000000000000e+04
3.550000000000000000e+03 1.994600000000000000e+04
3.692000000000000000e+03 1.988900000000000000e+04
3.834000000000000000e+03 1.933900000000000000e+04
3.976000000000000000e+03 1.949100000000000000e+04
4.118000000000000000e+03 1.916300000000000000e+04
4.260000000000000000e+03 1.891900000000000000e+04
4.402000000000000000e+03 1.882500000000000000e+04
4.544000000000000000e+03 1.848100000000000000e+04
4.686000000000000000e+03 1.826100000000000000e+04
4.828000000000000000e+03 1.755900000000000000e+04
4.970000000000000000e+03 1.728300000000000000e+04
5.112000000000000000e+03 1.694000000000000000e+04
5.254000000000000000e+03 1.651000000000000000e+04
5.396000000000000000e+03 1.587200000000000000e+04
5.538000000000000000e+03 1.531000000000000000e+04
5.680000000000000000e+03 1.521700000000000000e+04
5.822000000000000000e+03 1.427400000000000000e+04
5.964000000000000000e+03 1.385700000000000000e+04
6.106000000000000000e+03 1.318700000000000000e+04
6.248000000000000000e+03 1.251100000000000000e+04
6.390000000000000000e+03 1.195600000000000000e+04
6.532000000000000000e+03 1.121600000000000000e+04
6.674000000000000000e+03 1.085200000000000000e+04
6.816000000000000000e+03 1.035000000000000000e+04
6.958000000000000000e+03 9.620000000000000000e+03
7.100000000000000000e+03 9.132000000000000000e+03
7.242000000000000000e+03 8.424000000000000000e+03
7.384000000000000000e+03 7.951000000000000000e+03
7.526000000000000000e+03 7.375000000000000000e+03
7.668000000000000000e+03 6.978000000000000000e+03
7.810000000000000000e+03 6.380000000000000000e+03
7.952000000000000000e+03 5.957000000000000000e+03
8.094000000000000000e+03 5.475000000000000000e+03
8.236000000000000000e+03 5.164000000000000000e+03
8.378000000000000000e+03 4.901000000000000000e+03
8.520000000000000000e+03 4.529000000000000000e+03
8.662000000000000000e+03 4.029000000000000000e+03
8.804000000000000000e+03 3.977000000000000000e+03
8.946000000000000000e+03 3.689000000000000000e+03
9.088000000000000000e+03 3.577000000000000000e+03
9.230000000000000000e+03 3.379000000000000000e+03
9.372000000000000000e+03 3.306000000000000000e+03
9.514000000000000000e+03 3.243000000000000000e+03
9.656000000000000000e+03 3.102000000000000000e+03
9.798000000000000000e+03 3.074000000000000000e+03
9.940000000000000000e+03 3.176000000000000000e+03
1.008200000000000000e+04 3.148000000000000000e+03
1.022400000000000000e+04 3.250000000000000000e+03
1.036600000000000000e+04 3.284000000000000000e+03
1.050800000000000000e+04 3.433000000000000000e+03
1.065000000000000000e+04 3.625000000000000000e+03
1.079200000000000000e+04 3.740000000000000000e+03
1.093400000000000000e+04 4.043000000000000000e+03
1.107600000000000000e+04 4.183000000000000000e+03
1.121800000000000000e+04 4.514000000000000000e+03
1.136000000000000000e+04 4.789000000000000000e+03
1.150200000000000000e+04 5.084000000000000000e+03
1.164400000000000000e+04 5.516000000000000000e+03
1.178600000000000000e+04 5.985000000000000000e+03
1.192800000000000000e+04 6.296000000000000000e+03
1.207000000000000000e+04 6.886000000000000000e+03
1.221200000000000000e+04 7.225000000000000000e+03
1.235400000000000000e+04 7.672000000000000000e+03
1.249600000000000000e+04 8.335000000000000000e+03
1.263800000000000000e+04 8.961000000000000000e+03
1.278000000000000000e+04 9.530000000000000000e+03
1.292200000000000000e+04 1.007100000000000000e+04
1.306400000000000000e+04 1.087000000000000000e+04
1.320600000000000000e+04 1.141800000000000000e+04
1.334800000000000000e+04 1.196500000000000000e+04
1.349000000000000000e+04 1.247400000000000000e+04
1.363200000000000000e+04 1.322800000000000000e+04
1.377400000000000000e+04 1.378700000000000000e+04
1.391600000000000000e+04 1.433600000000000000e+04
1.405800000000000000e+04 1.486700000000000000e+04
1.420000000000000000e+04 1.543800000000000000e+04
1.434200000000000000e+04 1.582200000000000000e+04
1.448400000000000000e+04 1.642600000000000000e+04
1.462600000000000000e+04 1.669300000000000000e+04
1.476800000000000000e+04 1.712700000000000000e+04
1.491000000000000000e+04 1.757500000000000000e+04
1.505200000000000000e+04 1.779500000000000000e+04
1.519400000000000000e+04 1.813700000000000000e+04
1.533600000000000000e+04 1.851300000000000000e+04
1.547800000000000000e+04 1.895300000000000000e+04
1.562000000000000000e+04 1.895500000000000000e+04
1.576200000000000000e+04 1.949500000000000000e+04
1.590400000000000000e+04 1.934600000000000000e+04
1.604600000000000000e+04 1.970300000000000000e+04
1.618800000000000000e+04 1.993600000000000000e+04
1.633000000000000000e+04 1.988400000000000000e+04
1.647200000000000000e+04 2.025700000000000000e+04
1.661400000000000000e+04 2.021700000000000000e+04
1.675600000000000000e+04 2.014100000000000000e+04
1.689800000000000000e+04 2.012800000000000000e+04
1.704000000000000000e+04 2.024700000000000000e+04
1.718200000000000000e+04 2.039900000000000000e+04
1.732400000000000000e+04 2.030500000000000000e+04
1.746600000000000000e+04 1.989100000000000000e+04
1.760800000000000000e+04 2.001100000000000000e+04
1.775000000000000000e+04 2.032300000000000000e+04
1.789200000000000000e+04 1.987400000000000000e+04
1.803400000000000000e+04 1.944200000000000000e+04
1.817600000000000000e+04 1.943100000000000000e+04
1.831800000000000000e+04 1.940700000000000000e+04
1.846000000000000000e+04 1.889100000000000000e+04
1.860200000000000000e+04 1.890400000000000000e+04
1.874400000000000000e+04 1.788200000000000000e+04
1.888600000000000000e+04 1.800100000000000000e+04
1.902800000000000000e+04 1.777100000000000000e+04
1.917000000000000000e+04 1.734500000000000000e+04
1.931200000000000000e+04 1.703300000000000000e+04
1.945400000000000000e+04 1.670800000000000000e+04
1.959600000000000000e+04 1.632500000000000000e+04
1.973800000000000000e+04 1.572400000000000000e+04
1.988000000000000000e+04 1.503200000000000000e+04
2.002200000000000000e+04 1.436500000000000000e+04
2.016400000000000000e+04 1.401800000000000000e+04
2.030600000000000000e+04 1.348400000000000000e+04
2.044800000000000000e+04 1.293700000000000000e+04
2.059000000000000000e+04 1.234600000000000000e+04
2.073200000000000000e+04 1.174500000000000000e+04
2.087400000000000000e+04 1.110300000000000000e+04
2.101600000000000000e+04 1.062300000000000000e+04
2.115800000000000000e+04 9.893000000000000000e+03
2.130000000000000000e+04 9.502000000000000000e+03
2.144200000000000000e+04 8.831000000000000000e+03
2.158400000000000000e+04 8.316000000000000000e+03
2.172600000000000000e+04 7.688000000000000000e+03
2.186800000000000000e+04 7.216000000000000000e+03
2.201000000000000000e+04 6.699000000000000000e+03
2.215200000000000000e+04 6.284000000000000000e+03
2.229400000000000000e+04 5.586000000000000000e+03
2.243600000000000000e+04 5.477000000000000000e+03
2.257800000000000000e+04 5.109000000000000000e+03
2.272000000000000000e+04 4.663000000000000000e+03
2.286200000000000000e+04 4.450000000000000000e+03
2.300400000000000000e+04 4.213000000000000000e+03
2.314600000000000000e+04 3.832000000000000000e+03
2.328800000000000000e+04 3.639000000000000000e+03
2.343000000000000000e+04 3.544000000000000000e+03
2.357200000000000000e+04 3.420000000000000000e+03
2.371400000000000000e+04 3.231000000000000000e+03
2.385600000000000000e+04 3.171000000000000000e+03
2.399800000000000000e+04 3.182000000000000000e+03
2.414000000000000000e+04 3.105000000000000000e+03
2.428200000000000000e+04 3.002000000000000000e+03
2.442400000000000000e+04 3.180000000000000000e+03
2.456600000000000000e+04 3.165000000000000000e+03
2.470800000000000000e+04 3.329000000000000000e+03
2.485000000000000000e+04 3.516000000000000000e+03
2.499200000000000000e+04 3.549000000000000000e+03
2.513400000000000000e+04 3.762000000000000000e+03
2.527600000000000000e+04 4.020000000000000000e+03
2.541800000000000000e+04 4.205000000000000000e+03
2.556000000000000000e+04 4.522000000000000000e+03
2.570200000000000000e+04 4.898000000000000000e+03
2.584400000000000000e+04 5.233000000000000000e+03
2.598600000000000000e+04 5.674000000000000000e+03
2.612800000000000000e+04 5.965000000000000000e+03
2.627000000000000000e+04 6.481000000000000000e+03
2.641200000000000000e+04 6.922000000000000000e+03
2.655400000000000000e+04 7.688000000000000000e+03
2.669600000000000000e+04 8.030000000000000000e+03
2.683800000000000000e+04 8.503000000000000000e+03
2.698000000000000000e+04 9.214000000000000000e+03
2.712200000000000000e+04 9.740000000000000000e+03
2.726400000000000000e+04 1.034000000000000000e+04
2.740600000000000000e+04 1.102400000000000000e+04
2.754800000000000000e+04 1.153600000000000000e+04
2.769000000000000000e+04 1.207500000000000000e+04
2.783200000000000000e+04 1.264700000000000000e+04
2.797400000000000000e+04 1.342100000000000000e+04
2.811600000000000000e+04 1.406600000000000000e+04
2.825800000000000000e+04 1.454200000000000000e+04
2.840000000000000000e+04 1.495900000000000000e+04
