0.000000000000000000e+00 1.708600000000000000e+04
1.250000000000000069e-02 1.650400000000000000e+04
2.500000000000000139e-02 1.545000000000000000e+04
3.750000000000000555e-02 1.464600000000000000e+04
5.000000000000000278e-02 1.388800000000000000e+04
6.250000000000000000e-02 1.309900000000000000e+04
7.500000000000001110e-02 1.257500000000000000e+04
8.750000000000000833e-02 1.183600000000000000e+04
1.000000000000000056e-01 1.100200000000000000e+04
1.125000000000000028e-01 1.040100000000000000e+04
1.250000000000000000e-01 1.021800000000000000e+04
1.375000000000000111e-01 9.739000000000000000e+03
1.500000000000000222e-01 9.181000000000000000e+03
1.625000000000000056e-01 8.832000000000000000e+03
1.750000000000000167e-01 8.537000000000000000e+03
1.875000000000000000e-01 8.411000000000000000e+03
2.000000000000000111e-01 7.895000000000000000e+03
2.125000000000000222e-01 7.799000000000000000e+03
2.250000000000000056e-01 7.634000000000000000e+03
2.375000000000000167e-01 7.579000000000000000e+03
2.500000000000000000e-01 7.469000000000000000e+03
2.625000000000000111e-01 7.167000000000000000e+03
2.750000000000000222e-01 7.320000000000000000e+03
2.875000000000000333e-01 7.343000000000000000e+03
3.000000000000000444e-01 7.390000000000000000e+03
3.125000000000000000e-01 7.533000000000000000e+03
3.250000000000000111e-01 7.818000000000000000e+03
3.375000000000000222e-01 7.728000000000000000e+03
3.500000000000000333e-01 8.070000000000000000e+03
3.625000000000000444e-01 8.558000000000000000e+03
3.750000000000000000e-01 8.721000000000000000e+03
3.875000000000000111e-01 9.194000000000000000e+03
4.000000000000000222e-01 9.572000000000000000e+03
4.125000000000000333e-01 9.936000000000000000e+03
4.250000000000000444e-01 1.056400000000000000e+04
4.375000000000000000e-01 1.115300000000000000e+04
4.500000000000000111e-01 1.164200000000000000e+04
4.625000000000000222e-01 1.230800000000000000e+04
4.750000000000000333e-01 1.296600000000000000e+04
4.875000000000000444e-01 1.364500000000000000e+04
5.000000000000000000e-01 1.450500000000000000e+04
5.125000000000000666e-01 1.535600000000000000e+04
5.250000000000000222e-01 1.615700000000000000e+04
5.374999999999999778e-01 1.675500000000000000e+04
5.500000000000000444e-01 1.761200000000000000e+04
5.625000000000000000e-01 1.883900000000000000e+04
5.750000000000000666e-01 1.982800000000000000e+04
5.875000000000000222e-01 2.084600000000000000e+04
6.000000000000000888e-01 2.157300000000000000e+04
6.125000000000000444e-01 2.242000000000000000e+04
6.250000000000000000e-01 2.331200000000000000e+04
6.375000000000000666e-01 2.428400000000000000e+04
6.500000000000000222e-01 2.505200000000000000e+04
6.625000000000000888e-01 2.618200000000000000e+04
6.750000000000000444e-01 2.690700000000000000e+04
6.875000000000000000e-01 2.733400000000000000e+04
7.000000000000000666e-01 2.870100000000000000e+04
7.125000000000000222e-01 2.898100000000000000e+04
7.250000000000000888e-01 3.011100000000000000e+04
7.375000000000000444e-01 3.048300000000000000e+04
7.500000000000000000e-01 3.112800000000000000e+04
7.625000000000000666e-01 3.190100000000000000e+04
7.750000000000000222e-01 3.259600000000000000e+04
7.875000000000000888e-01 3.285300000000000000e+04
8.000000000000000444e-01 3.321300000000000000e+04
8.125000000000000000e-01 3.397700000000000000e+04
8.250000000000000666e-01 3.439700000000000000e+04
8.375000000000000222e-01 3.451600000000000000e+04
8.500000000000000888e-01 3.537200000000000000e+04
8.625000000000000444e-01 3.562000000000000000e+04
8.750000000000000000e-01 3.615200000000000000e+04
8.875000000000000666e-01 3.580600000000000000e+04
9.000000000000000222e-01 3.649700000000000000e+04
9.125000000000000888e-01 3.648300000000000000e+04
9.250000000000000444e-01 3.658700000000000000e+04
9.375000000000000000e-01 3.680200000000000000e+04
9.500000000000000666e-01 3.704800000000000000e+04
9.625000000000000222e-01 3.706500000000000000e+04
9.750000000000000888e-01 3.720100000000000000e+04
9.875000000000000444e-01 3.694200000000000000e+04
1.000000000000000000e+00 3.702700000000000000e+04
1.012499999999999956e+00 3.737700000000000000e+04
1.025000000000000133e+00 3.707400000000000000e+04
1.037500000000000089e+00 3.730700000000000000e+04
1.050000000000000044e+00 3.660500000000000000e+04
1.062500000000000000e+00 3.673700000000000000e+04
1.074999999999999956e+00 3.665000000000000000e+04
1.087500000000000133e+00 3.674400000000000000e+04
1.100000000000000089e+00 3.579800000000000000e+04
1.112500000000000044e+00 3.538900000000000000e+04
1.125000000000000000e+00 3.551700000000000000e+04
1.137499999999999956e+00 3.497500000000000000e+04
1.150000000000000133e+00 3.428100000000000000e+04
1.162500000000000089e+00 3.407000000000000000e+04
1.175000000000000044e+00 3.363300000000000000e+04
1.187500000000000000e+00 3.306300000000000000e+04
1.200000000000000178e+00 3.258400000000000000e+04
1.212500000000000133e+00 3.189400000000000000e+04
1.225000000000000089e+00 3.135000000000000000e+04
1.237500000000000044e+00 3.088000000000000000e+04
1.250000000000000000e+00 2.973600000000000000e+04
1.262500000000000178e+00 2.894700000000000000e+04
1.275000000000000133e+00 2.838700000000000000e+04
1.287500000000000089e+00 2.754400000000000000e+04
1.300000000000000044e+00 2.665500000000000000e+04
1.312500000000000000e+00 2.570900000000000000e+04
1.325000000000000178e+00 2.483800000000000000e+04
1.337500000000000133e+00 2.376300000000000000e+04
1.350000000000000089e+00 2.300800000000000000e+04
1.362500000000000044e+00 2.231000000000000000e+04
1.375000000000000000e+00 2.086700000000000000e+04
1.387500000000000178e+00 2.009000000000000000e+04
1.400000000000000133e+00 1.920400000000000000e+04
1.412500000000000089e+00 1.825600000000000000e+04
1.425000000000000044e+00 1.732700000000000000e+04
1.437500000000000000e+00 1.662800000000000000e+04
1.450000000000000178e+00 1.563400000000000000e+04
1.462500000000000133e+00 1.490400000000000000e+04
1.475000000000000089e+00 1.414000000000000000e+04
1.487500000000000044e+00 1.333800000000000000e+04
1.500000000000000000e+00 1.262200000000000000e+04
1.512500000000000178e+00 1.194700000000000000e+04
1.525000000000000133e+00 1.156800000000000000e+04
1.537500000000000089e+00 1.080400000000000000e+04
1.550000000000000044e+00 1.019400000000000000e+04
1.562500000000000000e+00 9.800000000000000000e+03
1.575000000000000178e+00 9.373000000000000000e+03
1.587500000000000133e+00 9.122000000000000000e+03
1.600000000000000089e+00 8.732000000000000000e+03
1.612500000000000044e+00 8.310000000000000000e+03
1.625000000000000000e+00 8.119000000000000000e+03
1.637500000000000178e+00 7.834000000000000000e+03
1.650000000000000133e+00 7.608000000000000000e+03
1.662500000000000089e+00 7.654000000000000000e+03
1.675000000000000044e+00 7.465000000000000000e+03
1.687500000000000000e+00 7.347000000000000000e+03
1.700000000000000178e+00 7.336000000000000000e+03
1.712500000000000133e+00 7.389000000000000000e+03
1.725000000000000089e+00 7.375000000000000000e+03
1.737500000000000044e+00 7.433000000000000000e+03
1.750000000000000000e+00 7.802000000000000000e+03
1.762500000000000178e+00 7.860000000000000000e+03
1.775000000000000133e+00 8.229000000000000000e+03
1.787500000000000089e+00 8.411000000000000000e+03
1.800000000000000044e+00 8.814000000000000000e+03
1.812500000000000000e+00 9.165000000000000000e+03
1.825000000000000178e+00 9.486000000000000000e+03
1.837500000000000133e+00 1.002200000000000000e+04
1.850000000000000089e+00 1.022200000000000000e+04
1.862500000000000044e+00 1.069500000000000000e+04
1.875000000000000000e+00 1.154300000000000000e+04
1.887500000000000178e+00 1.214700000000000000e+04
1.900000000000000133e+00 1.280100000000000000e+04
1.912500000000000089e+00 1.344200000000000000e+04
1.925000000000000044e+00 1.434800000000000000e+04
1.937500000000000000e+00 1.531500000000000000e+04
1.950000000000000178e+00 1.591000000000000000e+04
1.962500000000000133e+00 1.666600000000000000e+04
1.975000000000000089e+00 1.768400000000000000e+04
1.987500000000000044e+00 1.884500000000000000e+04
2.000000000000000000e+00 1.953800000000000000e+04
2.012500000000000178e+00 2.037800000000000000e+04
2.024999999999999911e+00 2.128900000000000000e+04
2.037500000000000089e+00 2.181100000000000000e+04
2.050000000000000266e+00 2.311100000000000000e+04
2.062500000000000000e+00 2.380700000000000000e+04
2.075000000000000178e+00 2.483100000000000000e+04
2.087499999999999911e+00 2.586300000000000000e+04
2.100000000000000089e+00 2.672600000000000000e+04
2.112500000000000266e+00 2.722100000000000000e+04
2.125000000000000000e+00 2.875700000000000000e+04
2.137500000000000178e+00 2.871100000000000000e+04
2.149999999999999911e+00 2.980000000000000000e+04
2.162500000000000089e+00 3.012000000000000000e+04
2.175000000000000266e+00 3.119200000000000000e+04
2.187500000000000000e+00 3.168500000000000000e+04
2.200000000000000178e+00 3.242200000000000000e+04
2.212499999999999911e+00 3.274700000000000000e+04
2.225000000000000089e+00 3.336600000000000000e+04
2.237500000000000266e+00 3.374000000000000000e+04
2.250000000000000000e+00 3.428500000000000000e+04
2.262500000000000178e+00 3.493300000000000000e+04
2.274999999999999911e+00 3.522300000000000000e+04
2.287500000000000089e+00 3.541900000000000000e+04
2.300000000000000266e+00 3.591900000000000000e+04
2.312500000000000000e+00 3.575600000000000000e+04
2.325000000000000178e+00 3.645000000000000000e+04
2.337499999999999911e+00 3.649500000000000000e+04
2.350000000000000089e+00 3.674900000000000000e+04
2.362500000000000266e+00 3.671400000000000000e+04
2.375000000000000000e+00 3.717100000000000000e+04
2.387500000000000178e+00 3.697500000000000000e+04
2.400000000000000355e+00 3.695900000000000000e+04
2.412500000000000089e+00 3.731600000000000000e+04
2.425000000000000266e+00 3.676300000000000000e+04
2.437500000000000000e+00 3.705800000000000000e+04
2.450000000000000178e+00 3.677500000000000000e+04
2.462500000000000355e+00 3.701300000000000000e+04
2.475000000000000089e+00 3.695900000000000000e+04
2.487500000000000266e+00 3.671600000000000000e+04
2.500000000000000000e+00 3.629500000000000000e+04
2.512500000000000178e+00 3.608700000000000000e+04
2.525000000000000355e+00 3.604100000000000000e+04
2.537500000000000089e+00 3.561800000000000000e+04
