0.000000000000000000e+00 3.903300000000000000e+04
5.000000000000000000e-01 4.010300000000000000e+04
1.000000000000000000e+00 4.126500000000000000e+04
1.500000000000000000e+00 4.269800000000000000e+04
2.000000000000000000e+00 4.410000000000000000e+04
2.500000000000000000e+00 4.505100000000000000e+04
3.000000000000000000e+00 4.588400000000000000e+04
3.500000000000000000e+00 4.676200000000000000e+04
4.000000000000000000e+00 4.779600000000000000e+04
4.500000000000000000e+00 4.838600000000000000e+04
5.000000000000000000e+00 4.905700000000000000e+04
5.500000000000000000e+00 4.961100000000000000e+04
6.000000000000000000e+00 5.007900000000000000e+04
6.500000000000000000e+00 5.046200000000000000e+04
7.000000000000000000e+00 5.071700000000000000e+04
7.500000000000000000e+00 5.168700000000000000e+04
8.000000000000000000e+00 5.206900000000000000e+04
8.500000000000000000e+00 5.212900000000000000e+04
9.000000000000000000e+00 5.236100000000000000e+04
9.500000000000000000e+00 5.196100000000000000e+04
1.000000000000000000e+01 5.203200000000000000e+04
1.050000000000000000e+01 5.221800000000000000e+04
1.100000000000000000e+01 5.245200000000000000e+04
1.150000000000000000e+01 5.220900000000000000e+04
1.200000000000000000e+01 5.239300000000000000e+04
1.250000000000000000e+01 5.175100000000000000e+04
1.300000000000000000e+01 5.184000000000000000e+04
1.350000000000000000e+01 5.148500000000000000e+04
1.400000000000000000e+01 5.105600000000000000e+04
1.450000000000000000e+01 5.032000000000000000e+04
1.500000000000000000e+01 5.029000000000000000e+04
1.550000000000000000e+01 4.971300000000000000e+04
1.600000000000000000e+01 4.876400000000000000e+04
1.650000000000000000e+01 4.803500000000000000e+04
1.700000000000000000e+01 4.744900000000000000e+04
1.750000000000000000e+01 4.657100000000000000e+04
1.800000000000000000e+01 4.518800000000000000e+04
1.850000000000000000e+01 4.424300000000000000e+04
1.900000000000000000e+01 4.319700000000000000e+04
1.950000000000000000e+01 4.256900000000000000e+04
2.000000000000000000e+01 4.114300000000000000e+04
2.050000000000000000e+01 3.993700000000000000e+04
2.100000000000000000e+01 3.817700000000000000e+04
2.150000000000000000e+01 3.714300000000000000e+04
2.200000000000000000e+01 3.501700000000000000e+04
2.250000000000000000e+01 3.397300000000000000e+04
2.300000000000000000e+01 3.267600000000000000e+04
2.350000000000000000e+01 3.095100000000000000e+04
2.400000000000000000e+01 2.949800000000000000e+04
2.450000000000000000e+01 2.789600000000000000e+04
2.500000000000000000e+01 2.650300000000000000e+04
2.550000000000000000e+01 2.480100000000000000e+04
2.600000000000000000e+01 2.388400000000000000e+04
2.650000000000000000e+01 2.227700000000000000e+04
2.700000000000000000e+01 2.085700000000000000e+04
2.750000000000000000e+01 1.957800000000000000e+04
2.800000000000000000e+01 1.823500000000000000e+04
2.850000000000000000e+01 1.707200000000000000e+04
2.900000000000000000e+01 1.590500000000000000e+04
2.950000000000000000e+01 1.513500000000000000e+04
3.000000000000000000e+01 1.418500000000000000e+04
3.050000000000000000e+01 1.291600000000000000e+04
3.100000000000000000e+01 1.253000000000000000e+04
3.150000000000000000e+01 1.187200000000000000e+04
3.200000000000000000e+01 1.112100000000000000e+04
3.250000000000000000e+01 1.069300000000000000e+04
3.300000000000000000e+01 1.033900000000000000e+04
3.350000000000000000e+01 9.922000000000000000e+03
3.400000000000000000e+01 9.805000000000000000e+03
3.450000000000000000e+01 9.688000000000000000e+03
3.500000000000000000e+01 9.466000000000000000e+03
3.550000000000000000e+01 9.382000000000000000e+03
3.600000000000000000e+01 9.465000000000000000e+03
3.650000000000000000e+01 9.596000000000000000e+03
3.700000000000000000e+01 9.737000000000000000e+03
3.750000000000000000e+01 1.018800000000000000e+04
3.800000000000000000e+01 1.050100000000000000e+04
3.850000000000000000e+01 1.076000000000000000e+04
3.900000000000000000e+01 1.153800000000000000e+04
3.950000000000000000e+01 1.211100000000000000e+04
4.000000000000000000e+01 1.263900000000000000e+04
4.050000000000000000e+01 1.368300000000000000e+04
4.100000000000000000e+01 1.431500000000000000e+04
4.150000000000000000e+01 1.514900000000000000e+04
4.200000000000000000e+01 1.639700000000000000e+04
4.250000000000000000e+01 1.752400000000000000e+04
4.300000000000000000e+01 1.852700000000000000e+04
4.350000000000000000e+01 2.018400000000000000e+04
4.400000000000000000e+01 2.131900000000000000e+04
4.450000000000000000e+01 2.264100000000000000e+04
4.500000000000000000e+01 2.397400000000000000e+04
4.550000000000000000e+01 2.542700000000000000e+04
4.600000000000000000e+01 2.678600000000000000e+04
4.650000000000000000e+01 2.882500000000000000e+04
4.700000000000000000e+01 3.005000000000000000e+04
4.750000000000000000e+01 3.166000000000000000e+04
4.800000000000000000e+01 3.333200000000000000e+04
4.850000000000000000e+01 3.469800000000000000e+04
4.900000000000000000e+01 3.604100000000000000e+04
4.950000000000000000e+01 3.780100000000000000e+04
5.000000000000000000e+01 3.860600000000000000e+04
5.050000000000000000e+01 4.018200000000000000e+04
5.100000000000000000e+01 4.156100000000000000e+04
5.150000000000000000e+01 4.259400000000000000e+04
5.200000000000000000e+01 4.370500000000000000e+04
5.250000000000000000e+01 4.522600000000000000e+04
5.300000000000000000e+01 4.594500000000000000e+04
5.350000000000000000e+01 4.682800000000000000e+04
5.400000000000000000e+01 4.780200000000000000e+04
5.450000000000000000e+01 4.857900000000000000e+04
5.500000000000000000e+01 4.869100000000000000e+04
5.550000000000000000e+01 4.934400000000000000e+04
5.600000000000000000e+01 5.040600000000000000e+04
5.650000000000000000e+01 5.078200000000000000e+04
5.700000000000000000e+01 5.085700000000000000e+04
5.750000000000000000e+01 5.146400000000000000e+04
5.800000000000000000e+01 5.178900000000000000e+04
5.850000000000000000e+01 5.247500000000000000e+04
5.900000000000000000e+01 5.236500000000000000e+04
5.950000000000000000e+01 5.235700000000000000e+04
6.000000000000000000e+01 5.237800000000000000e+04
6.050000000000000000e+01 5.203400000000000000e+04
6.100000000000000000e+01 5.212600000000000000e+04
6.150000000000000000e+01 5.230900000000000000e+04
6.200000000000000000e+01 5.230000000000000000e+04
6.250000000000000000e+01 5.182400000000000000e+04
6.300000000000000000e+01 5.194500000000000000e+04
6.350000000000000000e+01 5.191000000000000000e+04
6.400000000000000000e+01 5.106400000000000000e+04
6.450000000000000000e+01 5.061500000000000000e+04
6.500000000000000000e+01 5.040200000000000000e+04
6.550000000000000000e+01 4.908200000000000000e+04
6.600000000000000000e+01 4.901900000000000000e+04
6.650000000000000000e+01 4.816100000000000000e+04
6.700000000000000000e+01 4.702300000000000000e+04
6.750000000000000000e+01 4.659700000000000000e+04
6.800000000000000000e+01 4.568700000000000000e+04
6.850000000000000000e+01 4.445500000000000000e+04
6.900000000000000000e+01 4.336000000000000000e+04
6.950000000000000000e+01 4.192200000000000000e+04
7.000000000000000000e+01 4.117700000000000000e+04
7.050000000000000000e+01 3.973700000000000000e+04
7.100000000000000000e+01 3.839900000000000000e+04
7.150000000000000000e+01 3.699700000000000000e+04
7.200000000000000000e+01 3.561100000000000000e+04
7.250000000000000000e+01 3.441300000000000000e+04
7.300000000000000000e+01 3.293700000000000000e+04
7.350000000000000000e+01 3.092800000000000000e+04
7.400000000000000000e+01 2.961400000000000000e+04
7.450000000000000000e+01 2.817000000000000000e+04
7.500000000000000000e+01 2.657800000000000000e+04
7.550000000000000000e+01 2.543000000000000000e+04
7.600000000000000000e+01 2.361200000000000000e+04
7.650000000000000000e+01 2.219300000000000000e+04
7.700000000000000000e+01 2.089300000000000000e+04
7.750000000000000000e+01 1.951500000000000000e+04
7.800000000000000000e+01 1.794800000000000000e+04
7.850000000000000000e+01 1.711000000000000000e+04
7.900000000000000000e+01 1.612000000000000000e+04
7.950000000000000000e+01 1.490000000000000000e+04
8.000000000000000000e+01 1.416400000000000000e+04
8.050000000000000000e+01 1.314000000000000000e+04
8.100000000000000000e+01 1.238000000000000000e+04
8.150000000000000000e+01 1.176500000000000000e+04
8.200000000000000000e+01 1.126200000000000000e+04
8.250000000000000000e+01 1.083700000000000000e+04
8.300000000000000000e+01 1.027300000000000000e+04
8.350000000000000000e+01 9.911000000000000000e+03
8.400000000000000000e+01 9.522000000000000000e+03
8.450000000000000000e+01 9.551000000000000000e+03
8.500000000000000000e+01 9.414000000000000000e+03
8.550000000000000000e+01 9.438000000000000000e+03
8.600000000000000000e+01 9.379000000000000000e+03
8.650000000000000000e+01 9.534000000000000000e+03
8.700000000000000000e+01 9.577000000000000000e+03
8.750000000000000000e+01 1.025100000000000000e+04
8.800000000000000000e+01 1.045700000000000000e+04
8.850000000000000000e+01 1.091600000000000000e+04
8.900000000000000000e+01 1.136900000000000000e+04
8.950000000000000000e+01 1.199000000000000000e+04
9.000000000000000000e+01 1.267400000000000000e+04
9.050000000000000000e+01 1.336700000000000000e+04
9.100000000000000000e+01 1.449000000000000000e+04
9.150000000000000000e+01 1.520800000000000000e+04
9.200000000000000000e+01 1.607200000000000000e+04
9.250000000000000000e+01 1.736000000000000000e+04
9.300000000000000000e+01 1.860100000000000000e+04
9.350000000000000000e+01 1.974500000000000000e+04
9.400000000000000000e+01 2.090200000000000000e+04
9.450000000000000000e+01 2.296700000000000000e+04
9.500000000000000000e+01 2.443600000000000000e+04
9.550000000000000000e+01 2.560000000000000000e+04
9.600000000000000000e+01 2.735700000000000000e+04
9.650000000000000000e+01 2.823000000000000000e+04
9.700000000000000000e+01 2.997600000000000000e+04
9.750000000000000000e+01 3.194700000000000000e+04
9.800000000000000000e+01 3.300200000000000000e+04
9.850000000000000000e+01 3.487700000000000000e+04
9.900000000000000000e+01 3.617800000000000000e+04
9.950000000000000000e+01 3.714900000000000000e+04
