0.000000000000000000e+00 2.327400000000000000e+04
5.000000000000000000e+03 2.376600000000000000e+04
1.000000000000000000e+04 2.414800000000000000e+04
1.500000000000000000e+04 2.518700000000000000e+04
2.000000000000000000e+04 2.572400000000000000e+04
2.500000000000000000e+04 2.637500000000000000e+04
3.000000000000000000e+04 2.652700000000000000e+04
3.500000000000000000e+04 2.720900000000000000e+04
4.000000000000000000e+04 2.736000000000000000e+04
4.500000000000000000e+04 2.761700000000000000e+04
5.000000000000000000e+04 2.845200000000000000e+04
5.500000000000000000e+04 2.844400000000000000e+04
6.000000000000000000e+04 2.892800000000000000e+04
6.500000000000000000e+04 2.914900000000000000e+04
7.000000000000000000e+04 2.940800000000000000e+04
7.500000000000000000e+04 2.971200000000000000e+04
8.000000000000000000e+04 2.960200000000000000e+04
8.500000000000000000e+04 2.941300000000000000e+04
9.000000000000000000e+04 2.969600000000000000e+04
9.500000000000000000e+04 2.997300000000000000e+04
1.000000000000000000e+05 2.977200000000000000e+04
1.050000000000000000e+05 2.972900000000000000e+04
1.100000000000000000e+05 2.982700000000000000e+04
1.150000000000000000e+05 2.975400000000000000e+04
1.200000000000000000e+05 2.954200000000000000e+04
1.250000000000000000e+05 2.935600000000000000e+04
1.300000000000000000e+05 2.900300000000000000e+04
1.350000000000000000e+05 2.853600000000000000e+04
1.400000000000000000e+05 2.850900000000000000e+04
1.450000000000000000e+05 2.819100000000000000e+04
1.500000000000000000e+05 2.765200000000000000e+04
1.550000000000000000e+05 2.713800000000000000e+04
1.600000000000000000e+05 2.701600000000000000e+04
1.650000000000000000e+05 2.661200000000000000e+04
1.700000000000000000e+05 2.567200000000000000e+04
1.750000000000000000e+05 2.524500000000000000e+04
1.800000000000000000e+05 2.496200000000000000e+04
1.850000000000000000e+05 2.428700000000000000e+04
1.900000000000000000e+05 2.350200000000000000e+04
1.950000000000000000e+05 2.279600000000000000e+04
2.000000000000000000e+05 2.161800000000000000e+04
2.050000000000000000e+05 2.101500000000000000e+04
2.100000000000000000e+05 2.022900000000000000e+04
2.150000000000000000e+05 1.957800000000000000e+04
2.200000000000000000e+05 1.838500000000000000e+04
2.250000000000000000e+05 1.752300000000000000e+04
2.300000000000000000e+05 1.668800000000000000e+04
2.350000000000000000e+05 1.580400000000000000e+04
2.400000000000000000e+05 1.487500000000000000e+04
2.450000000000000000e+05 1.386700000000000000e+04
2.500000000000000000e+05 1.327500000000000000e+04
2.550000000000000000e+05 1.221100000000000000e+04
2.600000000000000000e+05 1.137900000000000000e+04
2.650000000000000000e+05 1.089200000000000000e+04
2.700000000000000000e+05 1.010200000000000000e+04
2.750000000000000000e+05 9.294000000000000000e+03
2.800000000000000000e+05 8.721000000000000000e+03
2.850000000000000000e+05 7.994000000000000000e+03
2.900000000000000000e+05 7.496000000000000000e+03
2.950000000000000000e+05 7.113000000000000000e+03
3.000000000000000000e+05 6.591000000000000000e+03
3.050000000000000000e+05 6.119000000000000000e+03
3.100000000000000000e+05 5.813000000000000000e+03
3.150000000000000000e+05 5.543000000000000000e+03
3.200000000000000000e+05 5.303000000000000000e+03
3.250000000000000000e+05 5.246000000000000000e+03
3.300000000000000000e+05 4.835000000000000000e+03
3.350000000000000000e+05 4.898000000000000000e+03
3.400000000000000000e+05 4.687000000000000000e+03
3.450000000000000000e+05 4.598000000000000000e+03
3.500000000000000000e+05 4.788000000000000000e+03
3.550000000000000000e+05 4.723000000000000000e+03
3.600000000000000000e+05 4.791000000000000000e+03
3.650000000000000000e+05 4.944000000000000000e+03
3.700000000000000000e+05 5.291000000000000000e+03
3.750000000000000000e+05 5.447000000000000000e+03
3.800000000000000000e+05 5.745000000000000000e+03
3.850000000000000000e+05 6.201000000000000000e+03
3.900000000000000000e+05 6.591000000000000000e+03
3.950000000000000000e+05 6.556000000000000000e+03
4.000000000000000000e+05 7.542000000000000000e+03
4.050000000000000000e+05 7.862000000000000000e+03
4.100000000000000000e+05 8.453000000000000000e+03
4.150000000000000000e+05 8.841000000000000000e+03
4.200000000000000000e+05 9.865000000000000000e+03
4.250000000000000000e+05 1.059700000000000000e+04
4.300000000000000000e+05 1.118300000000000000e+04
4.350000000000000000e+05 1.215700000000000000e+04
4.400000000000000000e+05 1.291400000000000000e+04
4.450000000000000000e+05 1.399100000000000000e+04
4.500000000000000000e+05 1.458500000000000000e+04
4.550000000000000000e+05 1.539300000000000000e+04
4.600000000000000000e+05 1.653900000000000000e+04
4.650000000000000000e+05 1.747700000000000000e+04
4.700000000000000000e+05 1.802200000000000000e+04
4.750000000000000000e+05 1.926800000000000000e+04
4.800000000000000000e+05 2.006800000000000000e+04
4.850000000000000000e+05 2.088900000000000000e+04
4.900000000000000000e+05 2.153600000000000000e+04
4.950000000000000000e+05 2.246200000000000000e+04
5.000000000000000000e+05 2.315800000000000000e+04
5.050000000000000000e+05 2.388700000000000000e+04
5.100000000000000000e+05 2.456900000000000000e+04
5.150000000000000000e+05 2.516800000000000000e+04
5.200000000000000000e+05 2.574500000000000000e+04
5.250000000000000000e+05 2.636700000000000000e+04
5.300000000000000000e+05 2.660900000000000000e+04
5.350000000000000000e+05 2.759600000000000000e+04
5.400000000000000000e+05 2.766200000000000000e+04
5.450000000000000000e+05 2.783200000000000000e+04
5.500000000000000000e+05 2.834700000000000000e+04
5.550000000000000000e+05 2.859300000000000000e+04
5.600000000000000000e+05 2.888000000000000000e+04
5.650000000000000000e+05 2.930800000000000000e+04
5.700000000000000000e+05 2.903900000000000000e+04
5.750000000000000000e+05 2.939900000000000000e+04
5.800000000000000000e+05 2.960600000000000000e+04
5.850000000000000000e+05 2.974100000000000000e+04
5.900000000000000000e+05 2.965800000000000000e+04
5.950000000000000000e+05 2.977400000000000000e+04
6.000000000000000000e+05 2.959400000000000000e+04
6.050000000000000000e+05 2.975900000000000000e+04
6.100000000000000000e+05 2.921700000000000000e+04
6.150000000000000000e+05 2.943100000000000000e+04
6.200000000000000000e+05 2.926600000000000000e+04
6.250000000000000000e+05 2.918600000000000000e+04
6.300000000000000000e+05 2.889500000000000000e+04
6.350000000000000000e+05 2.882500000000000000e+04
6.400000000000000000e+05 2.849200000000000000e+04
6.450000000000000000e+05 2.824500000000000000e+04
6.500000000000000000e+05 2.781800000000000000e+04
6.550000000000000000e+05 2.720100000000000000e+04
6.600000000000000000e+05 2.697700000000000000e+04
6.650000000000000000e+05 2.658900000000000000e+04
6.700000000000000000e+05 2.580500000000000000e+04
6.750000000000000000e+05 2.514900000000000000e+04
6.800000000000000000e+05 2.487600000000000000e+04
6.850000000000000000e+05 2.408900000000000000e+04
6.900000000000000000e+05 2.317200000000000000e+04
6.950000000000000000e+05 2.248300000000000000e+04
7.000000000000000000e+05 2.168800000000000000e+04
7.050000000000000000e+05 2.086700000000000000e+04
7.100000000000000000e+05 2.019500000000000000e+04
7.150000000000000000e+05 1.895000000000000000e+04
7.200000000000000000e+05 1.832700000000000000e+04
7.250000000000000000e+05 1.767900000000000000e+04
7.300000000000000000e+05 1.632300000000000000e+04
7.350000000000000000e+05 1.551500000000000000e+04
7.400000000000000000e+05 1.481100000000000000e+04
7.450000000000000000e+05 1.379800000000000000e+04
7.500000000000000000e+05 1.296700000000000000e+04
7.550000000000000000e+05 1.246100000000000000e+04
7.600000000000000000e+05 1.151200000000000000e+04
7.650000000000000000e+05 1.067100000000000000e+04
7.700000000000000000e+05 9.967000000000000000e+03
7.750000000000000000e+05 9.242000000000000000e+03
7.800000000000000000e+05 8.637000000000000000e+03
7.850000000000000000e+05 8.182000000000000000e+03
7.900000000000000000e+05 7.379000000000000000e+03
7.950000000000000000e+05 6.966000000000000000e+03
8.000000000000000000e+05 6.595000000000000000e+03
8.050000000000000000e+05 6.023000000000000000e+03
8.100000000000000000e+05 5.803000000000000000e+03
8.150000000000000000e+05 5.505000000000000000e+03
8.200000000000000000e+05 5.272000000000000000e+03
8.250000000000000000e+05 4.996000000000000000e+03
8.300000000000000000e+05 4.846000000000000000e+03
8.350000000000000000e+05 4.664000000000000000e+03
8.400000000000000000e+05 4.589000000000000000e+03
8.450000000000000000e+05 4.786000000000000000e+03
8.500000000000000000e+05 4.760000000000000000e+03
8.550000000000000000e+05 4.853000000000000000e+03
8.600000000000000000e+05 4.934000000000000000e+03
8.650000000000000000e+05 4.942000000000000000e+03
8.700000000000000000e+05 5.050000000000000000e+03
8.750000000000000000e+05 5.409000000000000000e+03
8.800000000000000000e+05 5.712000000000000000e+03
8.850000000000000000e+05 5.980000000000000000e+03
8.900000000000000000e+05 6.449000000000000000e+03
8.950000000000000000e+05 6.912000000000000000e+03
9.000000000000000000e+05 7.407000000000000000e+03
9.050000000000000000e+05 7.864000000000000000e+03
9.100000000000000000e+05 8.412000000000000000e+03
9.150000000000000000e+05 9.277000000000000000e+03
9.200000000000000000e+05 9.746000000000000000e+03
9.250000000000000000e+05 1.050500000000000000e+04
9.300000000000000000e+05 1.137500000000000000e+04
9.350000000000000000e+05 1.216100000000000000e+04
9.400000000000000000e+05 1.305600000000000000e+04
9.450000000000000000e+05 1.371300000000000000e+04
9.500000000000000000e+05 1.456000000000000000e+04
9.550000000000000000e+05 1.551800000000000000e+04
9.600000000000000000e+05 1.628600000000000000e+04
9.650000000000000000e+05 1.727800000000000000e+04
9.700000000000000000e+05 1.823100000000000000e+04
9.750000000000000000e+05 1.910600000000000000e+04
9.800000000000000000e+05 1.997100000000000000e+04
9.850000000000000000e+05 2.074000000000000000e+04
9.900000000000000000e+05 2.135300000000000000e+04
9.950000000000000000e+05 2.239200000000000000e+04
