0.000000000000000000e+00 3.185200000000000000e+04
1.416666666666666630e-01 3.341200000000000000e+04
2.833333333333333259e-01 3.456400000000000000e+04
4.249999999999999889e-01 3.558400000000000000e+04
5.666666666666666519e-01 3.664300000000000000e+04
7.083333333333332593e-01 3.776600000000000000e+04
8.499999999999999778e-01 3.904500000000000000e+04
9.916666666666666963e-01 3.996700000000000000e+04
1.133333333333333304e+00 4.139900000000000000e+04
1.274999999999999911e+00 4.206900000000000000e+04
1.416666666666666519e+00 4.279100000000000000e+04
1.558333333333333348e+00 4.364300000000000000e+04
1.699999999999999956e+00 4.417700000000000000e+04
1.841666666666666563e+00 4.483800000000000000e+04
1.983333333333333393e+00 4.575500000000000000e+04
2.125000000000000000e+00 4.619400000000000000e+04
2.266666666666666607e+00 4.630100000000000000e+04
2.408333333333333215e+00 4.744400000000000000e+04
2.549999999999999822e+00 4.766000000000000000e+04
2.691666666666666430e+00 4.735600000000000000e+04
2.833333333333333037e+00 4.820400000000000000e+04
2.975000000000000089e+00 4.835600000000000000e+04
3.116666666666666696e+00 4.857900000000000000e+04
3.258333333333333304e+00 4.906000000000000000e+04
3.399999999999999911e+00 4.866700000000000000e+04
3.541666666666666519e+00 4.860900000000000000e+04
3.683333333333333126e+00 4.895200000000000000e+04
3.824999999999999734e+00 4.828500000000000000e+04
3.966666666666666785e+00 4.823200000000000000e+04
4.108333333333333393e+00 4.795600000000000000e+04
4.250000000000000000e+00 4.790200000000000000e+04
4.391666666666666607e+00 4.770200000000000000e+04
4.533333333333333215e+00 4.710100000000000000e+04
4.674999999999999822e+00 4.657600000000000000e+04
4.816666666666666430e+00 4.623900000000000000e+04
4.958333333333333037e+00 4.543700000000000000e+04
5.099999999999999645e+00 4.505400000000000000e+04
5.241666666666666252e+00 4.422200000000000000e+04
5.383333333333332860e+00 4.382100000000000000e+04
5.524999999999999467e+00 4.277700000000000000e+04
5.666666666666666075e+00 4.180400000000000000e+04
5.808333333333333570e+00 4.128000000000000000e+04
5.950000000000000178e+00 3.997700000000000000e+04
6.091666666666666785e+00 3.880100000000000000e+04
6.233333333333333393e+00 3.774700000000000000e+04
6.375000000000000000e+00 3.697800000000000000e+04
6.516666666666666607e+00 3.515300000000000000e+04
6.658333333333333215e+00 3.408000000000000000e+04
6.799999999999999822e+00 3.292800000000000000e+04
6.941666666666666430e+00 3.156600000000000000e+04
7.083333333333333037e+00 3.002500000000000000e+04
7.224999999999999645e+00 2.899000000000000000e+04
7.366666666666666252e+00 2.749300000000000000e+04
7.508333333333332860e+00 2.593000000000000000e+04
7.649999999999999467e+00 2.478800000000000000e+04
7.791666666666666075e+00 2.324900000000000000e+04
7.933333333333333570e+00 2.195500000000000000e+04
8.074999999999999289e+00 2.062000000000000000e+04
8.216666666666666785e+00 1.943000000000000000e+04
8.358333333333332504e+00 1.830500000000000000e+04
8.500000000000000000e+00 1.702800000000000000e+04
8.641666666666665719e+00 1.601400000000000000e+04
8.783333333333333215e+00 1.503500000000000000e+04
8.924999999999998934e+00 1.427300000000000000e+04
9.066666666666666430e+00 1.340400000000000000e+04
9.208333333333333925e+00 1.261000000000000000e+04
9.349999999999999645e+00 1.184000000000000000e+04
9.491666666666667140e+00 1.123500000000000000e+04
9.633333333333332860e+00 1.073400000000000000e+04
9.775000000000000355e+00 1.012800000000000000e+04
9.916666666666666075e+00 9.942000000000000000e+03
1.005833333333333357e+01 9.473000000000000000e+03
1.019999999999999929e+01 9.341000000000000000e+03
1.034166666666666679e+01 9.291000000000000000e+03
1.048333333333333250e+01 9.130000000000000000e+03
1.062500000000000000e+01 9.085000000000000000e+03
1.076666666666666572e+01 9.120000000000000000e+03
1.090833333333333321e+01 9.094000000000000000e+03
1.104999999999999893e+01 9.237000000000000000e+03
1.119166666666666643e+01 9.731000000000000000e+03
1.133333333333333215e+01 9.776000000000000000e+03
1.147499999999999964e+01 1.027200000000000000e+04
1.161666666666666714e+01 1.078700000000000000e+04
1.175833333333333286e+01 1.129100000000000000e+04
1.190000000000000036e+01 1.196400000000000000e+04
1.204166666666666607e+01 1.265300000000000000e+04
1.218333333333333357e+01 1.342400000000000000e+04
1.232499999999999929e+01 1.446100000000000000e+04
1.246666666666666679e+01 1.537800000000000000e+04
1.260833333333333250e+01 1.626000000000000000e+04
1.275000000000000000e+01 1.762800000000000000e+04
1.289166666666666572e+01 1.869400000000000000e+04
1.303333333333333321e+01 1.994900000000000000e+04
1.317499999999999893e+01 2.088900000000000000e+04
1.331666666666666643e+01 2.223500000000000000e+04
1.345833333333333215e+01 2.382100000000000000e+04
1.359999999999999964e+01 2.532400000000000000e+04
1.374166666666666714e+01 2.658000000000000000e+04
1.388333333333333286e+01 2.790800000000000000e+04
1.402500000000000036e+01 2.920900000000000000e+04
1.416666666666666607e+01 3.061900000000000000e+04
1.430833333333333357e+01 3.193900000000000000e+04
1.444999999999999929e+01 3.349100000000000000e+04
1.459166666666666679e+01 3.438700000000000000e+04
1.473333333333333250e+01 3.550700000000000000e+04
1.487500000000000000e+01 3.680400000000000000e+04
1.501666666666666572e+01 3.816000000000000000e+04
1.515833333333333321e+01 3.942000000000000000e+04
1.529999999999999893e+01 4.042900000000000000e+04
1.544166666666666643e+01 4.139800000000000000e+04
1.558333333333333215e+01 4.199600000000000000e+04
1.572499999999999964e+01 4.299600000000000000e+04
1.586666666666666714e+01 4.386200000000000000e+04
1.600833333333333286e+01 4.446100000000000000e+04
1.614999999999999858e+01 4.554900000000000000e+04
1.629166666666666785e+01 4.584000000000000000e+04
1.643333333333333357e+01 4.665800000000000000e+04
1.657499999999999929e+01 4.683000000000000000e+04
1.671666666666666501e+01 4.735600000000000000e+04
1.685833333333333428e+01 4.746200000000000000e+04
1.700000000000000000e+01 4.741900000000000000e+04
1.714166666666666572e+01 4.866200000000000000e+04
1.728333333333333144e+01 4.852000000000000000e+04
1.742500000000000071e+01 4.838900000000000000e+04
1.756666666666666643e+01 4.824200000000000000e+04
1.770833333333333215e+01 4.861200000000000000e+04
1.784999999999999787e+01 4.838600000000000000e+04
1.799166666666666714e+01 4.843300000000000000e+04
1.813333333333333286e+01 4.851000000000000000e+04
1.827499999999999858e+01 4.834900000000000000e+04
1.841666666666666785e+01 4.809500000000000000e+04
1.855833333333333357e+01 4.788200000000000000e+04
1.869999999999999929e+01 4.745400000000000000e+04
1.884166666666666501e+01 4.714300000000000000e+04
1.898333333333333428e+01 4.663100000000000000e+04
1.912500000000000000e+01 4.648500000000000000e+04
1.926666666666666572e+01 4.557500000000000000e+04
1.940833333333333144e+01 4.490700000000000000e+04
1.955000000000000071e+01 4.410900000000000000e+04
1.969166666666666643e+01 4.353700000000000000e+04
1.983333333333333215e+01 4.309400000000000000e+04
1.997499999999999787e+01 4.219400000000000000e+04
2.011666666666666714e+01 4.080200000000000000e+04
2.025833333333333286e+01 3.992800000000000000e+04
2.039999999999999858e+01 3.879700000000000000e+04
2.054166666666666785e+01 3.750900000000000000e+04
2.068333333333333357e+01 3.661700000000000000e+04
2.082499999999999929e+01 3.506100000000000000e+04
2.096666666666666501e+01 3.390100000000000000e+04
2.110833333333333428e+01 3.256800000000000000e+04
2.125000000000000000e+01 3.147200000000000000e+04
2.139166666666666572e+01 2.974400000000000000e+04
2.153333333333333144e+01 2.866700000000000000e+04
2.167500000000000071e+01 2.746600000000000000e+04
2.181666666666666643e+01 2.588400000000000000e+04
2.195833333333333215e+01 2.448900000000000000e+04
2.209999999999999787e+01 2.302800000000000000e+04
2.224166666666666714e+01 2.184100000000000000e+04
2.238333333333333286e+01 2.044600000000000000e+04
2.252499999999999858e+01 1.923200000000000000e+04
2.266666666666666430e+01 1.795700000000000000e+04
2.280833333333333357e+01 1.694400000000000000e+04
2.294999999999999929e+01 1.594000000000000000e+04
2.309166666666666501e+01 1.480100000000000000e+04
2.323333333333333428e+01 1.409900000000000000e+04
2.337500000000000000e+01 1.332800000000000000e+04
2.351666666666666572e+01 1.258500000000000000e+04
2.365833333333333144e+01 1.195600000000000000e+04
2.380000000000000071e+01 1.099400000000000000e+04
2.394166666666666643e+01 1.060100000000000000e+04
2.408333333333333215e+01 1.022400000000000000e+04
2.422499999999999787e+01 9.690000000000000000e+03
2.436666666666666714e+01 9.503000000000000000e+03
2.450833333333333286e+01 9.457000000000000000e+03
2.464999999999999858e+01 9.086000000000000000e+03
2.479166666666666430e+01 9.179000000000000000e+03
2.493333333333333357e+01 9.084000000000000000e+03
2.507499999999999929e+01 9.302000000000000000e+03
2.521666666666666501e+01 9.310000000000000000e+03
2.535833333333333428e+01 9.536000000000000000e+03
2.550000000000000000e+01 9.919000000000000000e+03
2.564166666666666572e+01 1.009900000000000000e+04
2.578333333333333144e+01 1.042300000000000000e+04
2.592500000000000071e+01 1.105000000000000000e+04
2.606666666666666643e+01 1.163600000000000000e+04
2.620833333333333215e+01 1.236300000000000000e+04
2.634999999999999787e+01 1.291700000000000000e+04
2.649166666666666714e+01 1.368600000000000000e+04
2.663333333333333286e+01 1.454500000000000000e+04
2.677499999999999858e+01 1.557300000000000000e+04
2.691666666666666430e+01 1.657200000000000000e+04
2.705833333333333357e+01 1.769800000000000000e+04
2.719999999999999929e+01 1.882500000000000000e+04
2.734166666666666501e+01 2.008200000000000000e+04
2.748333333333333428e+01 2.114200000000000000e+04
2.762500000000000000e+01 2.238700000000000000e+04
2.776666666666666572e+01 2.385200000000000000e+04
2.790833333333333144e+01 2.521700000000000000e+04
2.805000000000000071e+01 2.656200000000000000e+04
2.819166666666666643e+01 2.795800000000000000e+04
2.833333333333333215e+01 2.941200000000000000e+04
