0.000000000000000000e+00 1.179500000000000000e+04
3.333333333333333287e-02 1.248200000000000000e+04
6.666666666666666574e-02 1.313100000000000000e+04
1.000000000000000056e-01 1.413100000000000000e+04
1.333333333333333315e-01 1.507300000000000000e+04
1.666666666666666574e-01 1.589600000000000000e+04
2.000000000000000111e-01 1.706800000000000000e+04
2.333333333333333370e-01 1.810100000000000000e+04
2.666666666666666630e-01 1.930500000000000000e+04
2.999999999999999889e-01 2.032000000000000000e+04
3.333333333333333148e-01 2.142000000000000000e+04
3.666666666666666408e-01 2.281500000000000000e+04
4.000000000000000222e-01 2.433600000000000000e+04
4.333333333333333481e-01 2.549800000000000000e+04
4.666666666666666741e-01 2.697700000000000000e+04
5.000000000000000000e-01 2.774800000000000000e+04
5.333333333333333259e-01 2.927300000000000000e+04
5.666666666666666519e-01 3.024500000000000000e+04
5.999999999999999778e-01 3.190700000000000000e+04
6.333333333333333037e-01 3.281800000000000000e+04
6.666666666666666297e-01 3.375000000000000000e+04
6.999999999999999556e-01 3.512200000000000000e+04
7.333333333333332815e-01 3.586600000000000000e+04
7.666666666666666075e-01 3.691300000000000000e+04
8.000000000000000444e-01 3.788700000000000000e+04
8.333333333333333703e-01 3.933600000000000000e+04
8.666666666666666963e-01 3.974000000000000000e+04
9.000000000000000222e-01 4.077700000000000000e+04
9.333333333333333481e-01 4.140600000000000000e+04
9.666666666666666741e-01 4.167400000000000000e+04
1.000000000000000000e+00 4.235900000000000000e+04
1.033333333333333215e+00 4.278800000000000000e+04
1.066666666666666652e+00 4.343600000000000000e+04
1.100000000000000089e+00 4.389900000000000000e+04
1.133333333333333304e+00 4.414900000000000000e+04
1.166666666666666741e+00 4.390400000000000000e+04
1.199999999999999956e+00 4.458900000000000000e+04
1.233333333333333393e+00 4.474400000000000000e+04
1.266666666666666607e+00 4.497300000000000000e+04
1.300000000000000044e+00 4.496500000000000000e+04
1.333333333333333259e+00 4.519400000000000000e+04
1.366666666666666696e+00 4.541100000000000000e+04
1.399999999999999911e+00 4.495100000000000000e+04
1.433333333333333348e+00 4.520900000000000000e+04
1.466666666666666563e+00 4.525400000000000000e+04
1.500000000000000000e+00 4.457700000000000000e+04
1.533333333333333215e+00 4.461200000000000000e+04
1.566666666666666652e+00 4.446900000000000000e+04
1.600000000000000089e+00 4.412500000000000000e+04
1.633333333333333304e+00 4.334700000000000000e+04
1.666666666666666741e+00 4.283300000000000000e+04
1.699999999999999956e+00 4.225500000000000000e+04
1.733333333333333393e+00 4.210300000000000000e+04
1.766666666666666607e+00 4.146900000000000000e+04
1.800000000000000044e+00 4.077000000000000000e+04
1.833333333333333259e+00 3.997200000000000000e+04
1.866666666666666696e+00 3.936500000000000000e+04
1.899999999999999911e+00 3.806900000000000000e+04
1.933333333333333348e+00 3.765200000000000000e+04
1.966666666666666563e+00 3.614300000000000000e+04
2.000000000000000000e+00 3.512800000000000000e+04
2.033333333333333215e+00 3.402900000000000000e+04
2.066666666666666430e+00 3.281000000000000000e+04
2.100000000000000089e+00 3.175300000000000000e+04
2.133333333333333304e+00 3.033700000000000000e+04
2.166666666666666519e+00 2.922600000000000000e+04
2.200000000000000178e+00 2.795300000000000000e+04
2.233333333333333393e+00 2.684600000000000000e+04
2.266666666666666607e+00 2.535800000000000000e+04
2.299999999999999822e+00 2.398700000000000000e+04
2.333333333333333481e+00 2.279400000000000000e+04
2.366666666666666696e+00 2.138500000000000000e+04
2.399999999999999911e+00 1.988000000000000000e+04
2.433333333333333126e+00 1.910600000000000000e+04
2.466666666666666785e+00 1.778300000000000000e+04
2.500000000000000000e+00 1.688300000000000000e+04
2.533333333333333215e+00 1.585600000000000000e+04
2.566666666666666430e+00 1.481200000000000000e+04
2.600000000000000089e+00 1.375200000000000000e+04
2.633333333333333304e+00 1.297500000000000000e+04
2.666666666666666519e+00 1.220100000000000000e+04
2.700000000000000178e+00 1.154900000000000000e+04
2.733333333333333393e+00 1.104700000000000000e+04
2.766666666666666607e+00 1.035600000000000000e+04
2.799999999999999822e+00 1.002200000000000000e+04
2.833333333333333481e+00 9.698000000000000000e+03
2.866666666666666696e+00 9.436000000000000000e+03
2.899999999999999911e+00 8.975000000000000000e+03
2.933333333333333126e+00 8.916000000000000000e+03
2.966666666666666785e+00 8.873000000000000000e+03
3.000000000000000000e+00 8.609000000000000000e+03
3.033333333333333215e+00 8.582000000000000000e+03
3.066666666666666430e+00 8.673000000000000000e+03
3.100000000000000089e+00 8.840000000000000000e+03
3.133333333333333304e+00 8.942000000000000000e+03
3.166666666666666519e+00 9.350000000000000000e+03
3.200000000000000178e+00 9.536000000000000000e+03
3.233333333333333393e+00 1.001500000000000000e+04
3.266666666666666607e+00 1.039600000000000000e+04
3.299999999999999822e+00 1.109800000000000000e+04
3.333333333333333481e+00 1.143700000000000000e+04
3.366666666666666696e+00 1.228300000000000000e+04
3.399999999999999911e+00 1.302100000000000000e+04
3.433333333333333126e+00 1.418700000000000000e+04
3.466666666666666785e+00 1.474000000000000000e+04
3.500000000000000000e+00 1.571100000000000000e+04
3.533333333333333215e+00 1.691100000000000000e+04
3.566666666666666430e+00 1.791500000000000000e+04
3.600000000000000089e+00 1.913900000000000000e+04
3.633333333333333304e+00 2.017000000000000000e+04
3.666666666666666519e+00 2.169400000000000000e+04
3.699999999999999734e+00 2.278700000000000000e+04
3.733333333333333393e+00 2.408700000000000000e+04
3.766666666666666607e+00 2.537500000000000000e+04
3.799999999999999822e+00 2.630300000000000000e+04
3.833333333333333481e+00 2.773600000000000000e+04
3.866666666666666696e+00 2.912100000000000000e+04
3.899999999999999911e+00 3.068500000000000000e+04
3.933333333333333126e+00 3.173500000000000000e+04
3.966666666666666785e+00 3.276900000000000000e+04
4.000000000000000000e+00 3.407600000000000000e+04
4.033333333333333215e+00 3.536700000000000000e+04
4.066666666666666430e+00 3.594100000000000000e+04
4.099999999999999645e+00 3.735500000000000000e+04
4.133333333333332860e+00 3.780400000000000000e+04
4.166666666666666963e+00 3.892100000000000000e+04
4.200000000000000178e+00 4.017100000000000000e+04
4.233333333333333393e+00 4.056300000000000000e+04
4.266666666666666607e+00 4.124700000000000000e+04
4.299999999999999822e+00 4.137700000000000000e+04
4.333333333333333037e+00 4.235700000000000000e+04
4.366666666666666252e+00 4.265500000000000000e+04
4.400000000000000355e+00 4.354600000000000000e+04
4.433333333333333570e+00 4.417600000000000000e+04
4.466666666666666785e+00 4.416100000000000000e+04
4.500000000000000000e+00 4.445300000000000000e+04
4.533333333333333215e+00 4.500700000000000000e+04
4.566666666666666430e+00 4.485900000000000000e+04
4.599999999999999645e+00 4.504800000000000000e+04
4.633333333333332860e+00 4.506900000000000000e+04
4.666666666666666963e+00 4.525400000000000000e+04
4.700000000000000178e+00 4.509600000000000000e+04
4.733333333333333393e+00 4.534100000000000000e+04
4.766666666666666607e+00 4.491400000000000000e+04
4.799999999999999822e+00 4.486900000000000000e+04
4.833333333333333037e+00 4.527300000000000000e+04
4.866666666666666252e+00 4.482600000000000000e+04
4.900000000000000355e+00 4.398000000000000000e+04
4.933333333333333570e+00 4.390600000000000000e+04
4.966666666666666785e+00 4.360200000000000000e+04
5.000000000000000000e+00 4.291700000000000000e+04
5.033333333333333215e+00 4.258300000000000000e+04
5.066666666666666430e+00 4.168800000000000000e+04
5.099999999999999645e+00 4.143200000000000000e+04
5.133333333333332860e+00 4.038400000000000000e+04
5.166666666666666963e+00 3.985800000000000000e+04
5.200000000000000178e+00 3.916400000000000000e+04
5.233333333333333393e+00 3.859800000000000000e+04
5.266666666666666607e+00 3.743400000000000000e+04
5.299999999999999822e+00 3.624100000000000000e+04
5.333333333333333037e+00 3.508100000000000000e+04
5.366666666666666252e+00 3.376300000000000000e+04
5.400000000000000355e+00 3.294000000000000000e+04
5.433333333333333570e+00 3.151500000000000000e+04
5.466666666666666785e+00 3.023100000000000000e+04
5.500000000000000000e+00 2.917900000000000000e+04
5.533333333333333215e+00 2.790400000000000000e+04
5.566666666666666430e+00 2.688800000000000000e+04
5.599999999999999645e+00 2.527900000000000000e+04
5.633333333333332860e+00 2.412500000000000000e+04
5.666666666666666963e+00 2.248500000000000000e+04
5.700000000000000178e+00 2.132600000000000000e+04
5.733333333333333393e+00 2.047900000000000000e+04
5.766666666666666607e+00 1.891500000000000000e+04
5.799999999999999822e+00 1.793100000000000000e+04
5.833333333333333037e+00 1.669500000000000000e+04
5.866666666666666252e+00 1.553100000000000000e+04
5.900000000000000355e+00 1.494800000000000000e+04
5.933333333333333570e+00 1.382300000000000000e+04
5.966666666666666785e+00 1.320200000000000000e+04
6.000000000000000000e+00 1.225800000000000000e+04
6.033333333333333215e+00 1.174100000000000000e+04
6.066666666666666430e+00 1.083800000000000000e+04
6.099999999999999645e+00 1.047100000000000000e+04
6.133333333333332860e+00 1.006700000000000000e+04
6.166666666666666963e+00 9.569000000000000000e+03
6.200000000000000178e+00 9.432000000000000000e+03
6.233333333333333393e+00 9.077000000000000000e+03
6.266666666666666607e+00 8.875000000000000000e+03
6.299999999999999822e+00 8.614000000000000000e+03
6.333333333333333037e+00 8.642000000000000000e+03
6.366666666666666252e+00 8.712000000000000000e+03
6.400000000000000355e+00 8.692000000000000000e+03
6.433333333333333570e+00 8.791000000000000000e+03
6.466666666666666785e+00 8.979000000000000000e+03
6.500000000000000000e+00 9.382000000000000000e+03
6.533333333333333215e+00 9.491000000000000000e+03
6.566666666666666430e+00 1.002000000000000000e+04
6.599999999999999645e+00 1.038700000000000000e+04
6.633333333333332860e+00 1.105500000000000000e+04
