0.000000000000000000e+00 1.726800000000000000e+04
3.330000000000000000e+02 1.786100000000000000e+04
6.660000000000000000e+02 1.843100000000000000e+04
9.990000000000000000e+02 1.890300000000000000e+04
1.332000000000000000e+03 1.911100000000000000e+04
1.665000000000000000e+03 1.985300000000000000e+04
1.998000000000000000e+03 2.005800000000000000e+04
2.331000000000000000e+03 2.051800000000000000e+04
2.664000000000000000e+03 2.086200000000000000e+04
2.997000000000000000e+03 2.099100000000000000e+04
3.330000000000000000e+03 2.115000000000000000e+04
3.663000000000000000e+03 2.179700000000000000e+04
3.996000000000000000e+03 2.181800000000000000e+04
4.329000000000000000e+03 2.204000000000000000e+04
4.662000000000000000e+03 2.218500000000000000e+04
4.995000000000000000e+03 2.220900000000000000e+04
5.328000000000000000e+03 2.240300000000000000e+04
5.661000000000000000e+03 2.229000000000000000e+04
5.994000000000000000e+03 2.193800000000000000e+04
6.327000000000000000e+03 2.218300000000000000e+04
6.660000000000000000e+03 2.232600000000000000e+04
6.993000000000000000e+03 2.223400000000000000e+04
7.326000000000000000e+03 2.222200000000000000e+04
7.659000000000000000e+03 2.211300000000000000e+04
7.992000000000000000e+03 2.221100000000000000e+04
8.325000000000000000e+03 2.186000000000000000e+04
8.658000000000000000e+03 2.190800000000000000e+04
8.991000000000000000e+03 2.146700000000000000e+04
9.324000000000000000e+03 2.153200000000000000e+04
9.657000000000000000e+03 2.111400000000000000e+04
9.990000000000000000e+03 2.082800000000000000e+04
1.032300000000000000e+04 2.062700000000000000e+04
1.065600000000000000e+04 2.005700000000000000e+04
1.098900000000000000e+04 1.999900000000000000e+04
1.132200000000000000e+04 1.947100000000000000e+04
1.165500000000000000e+04 1.906100000000000000e+04
1.198800000000000000e+04 1.862900000000000000e+04
1.232100000000000000e+04 1.797300000000000000e+04
1.265400000000000000e+04 1.765400000000000000e+04
1.298700000000000000e+04 1.675400000000000000e+04
1.332000000000000000e+04 1.660200000000000000e+04
1.365300000000000000e+04 1.546300000000000000e+04
1.398600000000000000e+04 1.513600000000000000e+04
1.431900000000000000e+04 1.460300000000000000e+04
1.465200000000000000e+04 1.408000000000000000e+04
1.498500000000000000e+04 1.326500000000000000e+04
1.531800000000000000e+04 1.238300000000000000e+04
1.565100000000000000e+04 1.179800000000000000e+04
1.598400000000000000e+04 1.114000000000000000e+04
1.631700000000000000e+04 1.047000000000000000e+04
1.665000000000000000e+04 9.842000000000000000e+03
1.698300000000000000e+04 9.361000000000000000e+03
1.731600000000000000e+04 8.575000000000000000e+03
1.764900000000000000e+04 8.006000000000000000e+03
1.798200000000000000e+04 7.493000000000000000e+03
1.831500000000000000e+04 6.881000000000000000e+03
1.864800000000000000e+04 6.445000000000000000e+03
1.898100000000000000e+04 5.902000000000000000e+03
1.931400000000000000e+04 5.626000000000000000e+03
1.964700000000000000e+04 5.226000000000000000e+03
1.998000000000000000e+04 4.854000000000000000e+03
2.031300000000000000e+04 4.652000000000000000e+03
2.064600000000000000e+04 4.358000000000000000e+03
2.097900000000000000e+04 4.154000000000000000e+03
2.131200000000000000e+04 3.909000000000000000e+03
2.164500000000000000e+04 3.648000000000000000e+03
2.197800000000000000e+04 3.618000000000000000e+03
2.231100000000000000e+04 3.602000000000000000e+03
2.264400000000000000e+04 3.556000000000000000e+03
2.297700000000000000e+04 3.448000000000000000e+03
2.331000000000000000e+04 3.611000000000000000e+03
2.364300000000000000e+04 3.391000000000000000e+03
2.397600000000000000e+04 3.550000000000000000e+03
2.430900000000000000e+04 3.666000000000000000e+03
2.464200000000000000e+04 3.983000000000000000e+03
2.497500000000000000e+04 4.026000000000000000e+03
2.530800000000000000e+04 4.363000000000000000e+03
2.564100000000000000e+04 4.480000000000000000e+03
2.597400000000000000e+04 4.717000000000000000e+03
2.630700000000000000e+04 5.073000000000000000e+03
2.664000000000000000e+04 5.351000000000000000e+03
2.697300000000000000e+04 5.825000000000000000e+03
2.730600000000000000e+04 6.294000000000000000e+03
2.763900000000000000e+04 6.803000000000000000e+03
2.797200000000000000e+04 7.296000000000000000e+03
2.830500000000000000e+04 7.968000000000000000e+03
2.863800000000000000e+04 8.331000000000000000e+03
2.897100000000000000e+04 8.952000000000000000e+03
2.930400000000000000e+04 9.620000000000000000e+03
2.963700000000000000e+04 1.026700000000000000e+04
2.997000000000000000e+04 1.095000000000000000e+04
3.030300000000000000e+04 1.163100000000000000e+04
3.063600000000000000e+04 1.214900000000000000e+04
3.096900000000000000e+04 1.290600000000000000e+04
3.130200000000000000e+04 1.369000000000000000e+04
3.163500000000000000e+04 1.410800000000000000e+04
3.196800000000000000e+04 1.481000000000000000e+04
3.230100000000000000e+04 1.560500000000000000e+04
3.263400000000000000e+04 1.636900000000000000e+04
3.296700000000000000e+04 1.695600000000000000e+04
3.330000000000000000e+04 1.713700000000000000e+04
3.363300000000000000e+04 1.771300000000000000e+04
3.396600000000000000e+04 1.816900000000000000e+04
3.429900000000000000e+04 1.880000000000000000e+04
3.463200000000000000e+04 1.941200000000000000e+04
3.496500000000000000e+04 1.936800000000000000e+04
3.529800000000000000e+04 2.029200000000000000e+04
3.563100000000000000e+04 2.016300000000000000e+04
3.596400000000000000e+04 2.092400000000000000e+04
3.629700000000000000e+04 2.081900000000000000e+04
3.663000000000000000e+04 2.129200000000000000e+04
3.696300000000000000e+04 2.175700000000000000e+04
3.729600000000000000e+04 2.152900000000000000e+04
3.762900000000000000e+04 2.196600000000000000e+04
3.796200000000000000e+04 2.234500000000000000e+04
3.829500000000000000e+04 2.213100000000000000e+04
3.862800000000000000e+04 2.217900000000000000e+04
3.896100000000000000e+04 2.219300000000000000e+04
3.929400000000000000e+04 2.253500000000000000e+04
3.962700000000000000e+04 2.249400000000000000e+04
3.996000000000000000e+04 2.228400000000000000e+04
4.029300000000000000e+04 2.228400000000000000e+04
4.062600000000000000e+04 2.216300000000000000e+04
4.095900000000000000e+04 2.218000000000000000e+04
4.129200000000000000e+04 2.223300000000000000e+04
4.162500000000000000e+04 2.205800000000000000e+04
4.195800000000000000e+04 2.191500000000000000e+04
4.229100000000000000e+04 2.162900000000000000e+04
4.262400000000000000e+04 2.156300000000000000e+04
4.295700000000000000e+04 2.106100000000000000e+04
4.329000000000000000e+04 2.074500000000000000e+04
4.362300000000000000e+04 2.074900000000000000e+04
4.395600000000000000e+04 2.025400000000000000e+04
4.428900000000000000e+04 1.967600000000000000e+04
4.462200000000000000e+04 1.936600000000000000e+04
4.495500000000000000e+04 1.913200000000000000e+04
4.528800000000000000e+04 1.860500000000000000e+04
4.562100000000000000e+04 1.814900000000000000e+04
4.595400000000000000e+04 1.753000000000000000e+04
4.628700000000000000e+04 1.711000000000000000e+04
4.662000000000000000e+04 1.627800000000000000e+04
4.695300000000000000e+04 1.588500000000000000e+04
4.728600000000000000e+04 1.498600000000000000e+04
4.761900000000000000e+04 1.444900000000000000e+04
4.795200000000000000e+04 1.376900000000000000e+04
4.828500000000000000e+04 1.328100000000000000e+04
4.861800000000000000e+04 1.249000000000000000e+04
4.895100000000000000e+04 1.183800000000000000e+04
4.928400000000000000e+04 1.125100000000000000e+04
4.961700000000000000e+04 1.063400000000000000e+04
4.995000000000000000e+04 9.757000000000000000e+03
5.028300000000000000e+04 9.381000000000000000e+03
5.061600000000000000e+04 8.800000000000000000e+03
5.094900000000000000e+04 8.094000000000000000e+03
5.128200000000000000e+04 7.382000000000000000e+03
5.161500000000000000e+04 6.999000000000000000e+03
5.194800000000000000e+04 6.672000000000000000e+03
5.228100000000000000e+04 6.133000000000000000e+03
5.261400000000000000e+04 5.420000000000000000e+03
5.294700000000000000e+04 5.147000000000000000e+03
5.328000000000000000e+04 4.922000000000000000e+03
5.361300000000000000e+04 4.610000000000000000e+03
5.394600000000000000e+04 4.261000000000000000e+03
5.427900000000000000e+04 4.190000000000000000e+03
5.461200000000000000e+04 3.881000000000000000e+03
5.494500000000000000e+04 3.815000000000000000e+03
5.527800000000000000e+04 3.624000000000000000e+03
5.561100000000000000e+04 3.702000000000000000e+03
5.594400000000000000e+04 3.505000000000000000e+03
5.627700000000000000e+04 3.517000000000000000e+03
5.661000000000000000e+04 3.460000000000000000e+03
5.694300000000000000e+04 3.415000000000000000e+03
5.727600000000000000e+04 3.570000000000000000e+03
5.760900000000000000e+04 3.637000000000000000e+03
5.794200000000000000e+04 3.789000000000000000e+03
5.827500000000000000e+04 3.963000000000000000e+03
5.860800000000000000e+04 4.219000000000000000e+03
5.894100000000000000e+04 4.426000000000000000e+03
5.927400000000000000e+04 4.604000000000000000e+03
5.960700000000000000e+04 5.095000000000000000e+03
5.994000000000000000e+04 5.363000000000000000e+03
6.027300000000000000e+04 5.746000000000000000e+03
6.060600000000000000e+04 6.084000000000000000e+03
6.093900000000000000e+04 6.628000000000000000e+03
6.127200000000000000e+04 7.279000000000000000e+03
6.160500000000000000e+04 7.737000000000000000e+03
6.193800000000000000e+04 8.208000000000000000e+03
6.227100000000000000e+04 8.866000000000000000e+03
6.260400000000000000e+04 9.606000000000000000e+03
6.293700000000000000e+04 1.033500000000000000e+04
6.327000000000000000e+04 1.069200000000000000e+04
6.360300000000000000e+04 1.152300000000000000e+04
6.393600000000000000e+04 1.218100000000000000e+04
6.426900000000000000e+04 1.293300000000000000e+04
6.460200000000000000e+04 1.370900000000000000e+04
6.493500000000000000e+04 1.408500000000000000e+04
6.526800000000000000e+04 1.488400000000000000e+04
6.560100000000000000e+04 1.547800000000000000e+04
6.593400000000000000e+04 1.609800000000000000e+04
6.626700000000000000e+04 1.694500000000000000e+04
