0.000000000000000000e+00 3.750000000000000000e+04
3.333333333333333148e-01 3.868800000000000000e+04
6.666666666666666297e-01 4.044200000000000000e+04
1.000000000000000000e+00 4.154700000000000000e+04
1.333333333333333259e+00 4.228100000000000000e+04
1.666666666666666519e+00 4.397100000000000000e+04
2.000000000000000000e+00 4.464400000000000000e+04
2.333333333333333037e+00 4.606400000000000000e+04
2.666666666666666519e+00 4.597400000000000000e+04
3.000000000000000000e+00 4.723200000000000000e+04
3.333333333333333037e+00 4.804200000000000000e+04
3.666666666666666519e+00 4.832100000000000000e+04
4.000000000000000000e+00 4.922600000000000000e+04
4.333333333333333037e+00 4.993700000000000000e+04
4.666666666666666075e+00 5.002000000000000000e+04
5.000000000000000000e+00 5.051700000000000000e+04
5.333333333333333037e+00 5.089400000000000000e+04
5.666666666666666075e+00 5.121500000000000000e+04
6.000000000000000000e+00 5.124000000000000000e+04
6.333333333333333037e+00 5.134100000000000000e+04
6.666666666666666075e+00 5.141800000000000000e+04
7.000000000000000000e+00 5.198600000000000000e+04
7.333333333333333037e+00 5.180700000000000000e+04
7.666666666666666075e+00 5.203000000000000000e+04
8.000000000000000000e+00 5.166300000000000000e+04
8.333333333333332149e+00 5.202900000000000000e+04
8.666666666666666075e+00 5.150900000000000000e+04
9.000000000000000000e+00 5.096800000000000000e+04
9.333333333333332149e+00 5.067200000000000000e+04
9.666666666666666075e+00 5.024700000000000000e+04
1.000000000000000000e+01 5.002700000000000000e+04
1.033333333333333215e+01 4.918500000000000000e+04
1.066666666666666607e+01 4.869400000000000000e+04
1.100000000000000000e+01 4.805100000000000000e+04
1.133333333333333215e+01 4.684200000000000000e+04
1.166666666666666607e+01 4.621700000000000000e+04
1.200000000000000000e+01 4.573500000000000000e+04
1.233333333333333215e+01 4.485200000000000000e+04
1.266666666666666607e+01 4.359500000000000000e+04
1.300000000000000000e+01 4.222600000000000000e+04
1.333333333333333215e+01 4.156600000000000000e+04
1.366666666666666607e+01 4.005700000000000000e+04
1.400000000000000000e+01 3.897400000000000000e+04
1.433333333333333215e+01 3.774100000000000000e+04
1.466666666666666607e+01 3.615900000000000000e+04
1.500000000000000000e+01 3.479200000000000000e+04
1.533333333333333215e+01 3.360900000000000000e+04
1.566666666666666607e+01 3.153300000000000000e+04
1.600000000000000000e+01 3.038500000000000000e+04
1.633333333333333215e+01 2.876300000000000000e+04
1.666666666666666430e+01 2.733300000000000000e+04
1.700000000000000000e+01 2.597700000000000000e+04
1.733333333333333215e+01 2.442600000000000000e+04
1.766666666666666430e+01 2.287600000000000000e+04
1.800000000000000000e+01 2.169900000000000000e+04
1.833333333333333215e+01 2.036000000000000000e+04
1.866666666666666430e+01 1.886000000000000000e+04
1.900000000000000000e+01 1.786500000000000000e+04
1.933333333333333215e+01 1.678300000000000000e+04
1.966666666666666430e+01 1.574700000000000000e+04
2.000000000000000000e+01 1.465300000000000000e+04
2.033333333333333215e+01 1.379500000000000000e+04
2.066666666666666430e+01 1.320800000000000000e+04
2.100000000000000000e+01 1.217100000000000000e+04
2.133333333333333215e+01 1.164200000000000000e+04
2.166666666666666430e+01 1.122800000000000000e+04
2.200000000000000000e+01 1.085700000000000000e+04
2.233333333333333215e+01 1.045700000000000000e+04
2.266666666666666430e+01 9.928000000000000000e+03
2.300000000000000000e+01 9.804000000000000000e+03
2.333333333333333215e+01 9.727000000000000000e+03
2.366666666666666430e+01 9.548000000000000000e+03
2.400000000000000000e+01 9.463000000000000000e+03
2.433333333333333215e+01 9.748000000000000000e+03
2.466666666666666430e+01 9.807000000000000000e+03
2.500000000000000000e+01 9.966000000000000000e+03
2.533333333333333215e+01 1.042500000000000000e+04
2.566666666666666430e+01 1.082500000000000000e+04
2.600000000000000000e+01 1.119400000000000000e+04
2.633333333333333215e+01 1.176900000000000000e+04
2.666666666666666430e+01 1.224100000000000000e+04
2.700000000000000000e+01 1.334900000000000000e+04
2.733333333333333215e+01 1.378800000000000000e+04
2.766666666666666430e+01 1.478800000000000000e+04
2.800000000000000000e+01 1.568800000000000000e+04
2.833333333333333215e+01 1.673900000000000000e+04
2.866666666666666430e+01 1.790000000000000000e+04
2.900000000000000000e+01 1.900700000000000000e+04
2.933333333333333215e+01 2.071400000000000000e+04
2.966666666666666430e+01 2.196500000000000000e+04
3.000000000000000000e+01 2.320700000000000000e+04
3.033333333333333215e+01 2.422400000000000000e+04
3.066666666666666430e+01 2.616000000000000000e+04
3.100000000000000000e+01 2.764200000000000000e+04
3.133333333333333215e+01 2.889600000000000000e+04
3.166666666666666430e+01 3.041000000000000000e+04
3.200000000000000000e+01 3.192300000000000000e+04
3.233333333333332860e+01 3.323700000000000000e+04
3.266666666666666430e+01 3.476600000000000000e+04
3.300000000000000000e+01 3.620500000000000000e+04
3.333333333333332860e+01 3.740900000000000000e+04
3.366666666666666430e+01 3.897000000000000000e+04
3.400000000000000000e+01 4.029600000000000000e+04
3.433333333333332860e+01 4.143200000000000000e+04
3.466666666666666430e+01 4.277000000000000000e+04
3.500000000000000000e+01 4.342800000000000000e+04
3.533333333333332860e+01 4.446600000000000000e+04
3.566666666666666430e+01 4.571300000000000000e+04
3.600000000000000000e+01 4.650400000000000000e+04
3.633333333333332860e+01 4.737300000000000000e+04
3.666666666666666430e+01 4.810100000000000000e+04
3.700000000000000000e+01 4.859300000000000000e+04
3.733333333333332860e+01 4.926400000000000000e+04
3.766666666666666430e+01 4.967600000000000000e+04
3.800000000000000000e+01 5.030000000000000000e+04
3.833333333333332860e+01 5.059000000000000000e+04
3.866666666666666430e+01 5.075900000000000000e+04
3.900000000000000000e+01 5.093500000000000000e+04
3.933333333333332860e+01 5.147100000000000000e+04
3.966666666666666430e+01 5.145100000000000000e+04
4.000000000000000000e+01 5.207000000000000000e+04
4.033333333333332860e+01 5.200200000000000000e+04
4.066666666666666430e+01 5.163600000000000000e+04
4.100000000000000000e+01 5.187700000000000000e+04
4.133333333333332860e+01 5.195000000000000000e+04
4.166666666666666430e+01 5.153600000000000000e+04
4.200000000000000000e+01 5.133900000000000000e+04
4.233333333333332860e+01 5.093300000000000000e+04
4.266666666666666430e+01 5.072800000000000000e+04
4.300000000000000000e+01 5.039100000000000000e+04
4.333333333333332860e+01 4.990600000000000000e+04
4.366666666666666430e+01 4.911900000000000000e+04
4.400000000000000000e+01 4.911000000000000000e+04
4.433333333333332860e+01 4.816700000000000000e+04
4.466666666666666430e+01 4.731100000000000000e+04
4.500000000000000000e+01 4.649600000000000000e+04
4.533333333333332860e+01 4.585500000000000000e+04
4.566666666666666430e+01 4.434200000000000000e+04
4.600000000000000000e+01 4.339600000000000000e+04
4.633333333333332860e+01 4.220600000000000000e+04
4.666666666666666430e+01 4.093300000000000000e+04
4.700000000000000000e+01 4.029000000000000000e+04
4.733333333333332860e+01 3.864000000000000000e+04
4.766666666666666430e+01 3.767300000000000000e+04
4.800000000000000000e+01 3.614400000000000000e+04
4.833333333333332860e+01 3.479300000000000000e+04
4.866666666666666430e+01 3.339800000000000000e+04
4.900000000000000000e+01 3.170200000000000000e+04
4.933333333333332860e+01 3.038900000000000000e+04
4.966666666666666430e+01 2.880600000000000000e+04
5.000000000000000000e+01 2.766100000000000000e+04
5.033333333333332860e+01 2.596200000000000000e+04
5.066666666666666430e+01 2.449300000000000000e+04
5.100000000000000000e+01 2.334100000000000000e+04
5.133333333333332860e+01 2.150500000000000000e+04
5.166666666666666430e+01 2.025600000000000000e+04
5.200000000000000000e+01 1.895300000000000000e+04
5.233333333333332860e+01 1.774000000000000000e+04
5.266666666666666430e+01 1.670400000000000000e+04
5.300000000000000000e+01 1.556600000000000000e+04
5.333333333333332860e+01 1.472200000000000000e+04
5.366666666666666430e+01 1.357900000000000000e+04
5.400000000000000000e+01 1.303600000000000000e+04
5.433333333333332860e+01 1.212200000000000000e+04
5.466666666666666430e+01 1.164000000000000000e+04
5.500000000000000000e+01 1.115200000000000000e+04
5.533333333333332860e+01 1.069700000000000000e+04
5.566666666666666430e+01 1.026400000000000000e+04
5.600000000000000000e+01 9.997000000000000000e+03
5.633333333333332860e+01 9.761000000000000000e+03
5.666666666666666430e+01 9.531000000000000000e+03
5.700000000000000000e+01 9.521000000000000000e+03
5.733333333333332860e+01 9.534000000000000000e+03
5.766666666666666430e+01 9.602000000000000000e+03
5.800000000000000000e+01 9.550000000000000000e+03
5.833333333333332860e+01 9.966000000000000000e+03
5.866666666666666430e+01 1.012300000000000000e+04
5.900000000000000000e+01 1.062200000000000000e+04
5.933333333333332860e+01 1.100700000000000000e+04
5.966666666666666430e+01 1.158700000000000000e+04
6.000000000000000000e+01 1.217200000000000000e+04
6.033333333333332860e+01 1.287800000000000000e+04
6.066666666666666430e+01 1.362100000000000000e+04
6.100000000000000000e+01 1.459300000000000000e+04
6.133333333333332860e+01 1.579700000000000000e+04
6.166666666666666430e+01 1.695100000000000000e+04
6.200000000000000000e+01 1.818100000000000000e+04
6.233333333333332860e+01 1.900400000000000000e+04
6.266666666666666430e+01 2.029700000000000000e+04
6.300000000000000000e+01 2.167600000000000000e+04
6.333333333333332860e+01 2.303700000000000000e+04
6.366666666666666430e+01 2.431200000000000000e+04
6.400000000000000000e+01 2.597800000000000000e+04
6.433333333333332860e+01 2.756700000000000000e+04
6.466666666666665719e+01 2.900600000000000000e+04
6.500000000000000000e+01 3.009800000000000000e+04
6.533333333333332860e+01 3.159500000000000000e+04
6.566666666666665719e+01 3.375300000000000000e+04
6.600000000000000000e+01 3.511400000000000000e+04
6.633333333333332860e+01 3.647100000000000000e+04
