0.000000000000000000e+00 3.155800000000000000e+04
3.333000000000000000e+03 3.234800000000000000e+04
6.666000000000000000e+03 3.318500000000000000e+04
9.999000000000000000e+03 3.408100000000000000e+04
1.333200000000000000e+04 3.487700000000000000e+04
1.666500000000000000e+04 3.582300000000000000e+04
1.999800000000000000e+04 3.646600000000000000e+04
2.333100000000000000e+04 3.710700000000000000e+04
2.666400000000000000e+04 3.745600000000000000e+04
2.999700000000000000e+04 3.775200000000000000e+04
3.333000000000000000e+04 3.872000000000000000e+04
3.666300000000000000e+04 3.875600000000000000e+04
3.999600000000000000e+04 3.915100000000000000e+04
4.332900000000000000e+04 3.955900000000000000e+04
4.666200000000000000e+04 4.005100000000000000e+04
4.999500000000000000e+04 4.037500000000000000e+04
5.332800000000000000e+04 4.024900000000000000e+04
5.666100000000000000e+04 4.039200000000000000e+04
5.999400000000000000e+04 4.019800000000000000e+04
6.332700000000000000e+04 4.017000000000000000e+04
6.666000000000000000e+04 4.052300000000000000e+04
6.999300000000000000e+04 4.036100000000000000e+04
7.332600000000000000e+04 4.027100000000000000e+04
7.665900000000000000e+04 4.028700000000000000e+04
7.999200000000000000e+04 4.004500000000000000e+04
8.332500000000000000e+04 3.991300000000000000e+04
8.665800000000000000e+04 3.949400000000000000e+04
8.999100000000000000e+04 3.936000000000000000e+04
9.332400000000000000e+04 3.894000000000000000e+04
9.665700000000000000e+04 3.848900000000000000e+04
9.999000000000000000e+04 3.782800000000000000e+04
1.033230000000000000e+05 3.690900000000000000e+04
1.066560000000000000e+05 3.592900000000000000e+04
1.099890000000000000e+05 3.555600000000000000e+04
1.133220000000000000e+05 3.514900000000000000e+04
1.166550000000000000e+05 3.444600000000000000e+04
1.199880000000000000e+05 3.326200000000000000e+04
1.233210000000000000e+05 3.233600000000000000e+04
1.266540000000000000e+05 3.147400000000000000e+04
1.299870000000000000e+05 3.035200000000000000e+04
1.333200000000000000e+05 2.955500000000000000e+04
1.366530000000000000e+05 2.835700000000000000e+04
1.399860000000000000e+05 2.744300000000000000e+04
1.433190000000000000e+05 2.628900000000000000e+04
1.466520000000000000e+05 2.486100000000000000e+04
1.499850000000000000e+05 2.360600000000000000e+04
1.533180000000000000e+05 2.253000000000000000e+04
1.566510000000000000e+05 2.135600000000000000e+04
1.599840000000000000e+05 2.032900000000000000e+04
1.633170000000000000e+05 1.889600000000000000e+04
1.666500000000000000e+05 1.802200000000000000e+04
1.699830000000000000e+05 1.653800000000000000e+04
1.733160000000000000e+05 1.559300000000000000e+04
1.766490000000000000e+05 1.456200000000000000e+04
1.799820000000000000e+05 1.356300000000000000e+04
1.833150000000000000e+05 1.233400000000000000e+04
1.866480000000000000e+05 1.189400000000000000e+04
1.899810000000000000e+05 1.094500000000000000e+04
1.933140000000000000e+05 1.003100000000000000e+04
1.966470000000000000e+05 9.602000000000000000e+03
1.999800000000000000e+05 8.992000000000000000e+03
2.033130000000000000e+05 8.462000000000000000e+03
2.066460000000000000e+05 7.990000000000000000e+03
2.099790000000000000e+05 7.563000000000000000e+03
2.133120000000000000e+05 7.192000000000000000e+03
2.166450000000000000e+05 6.950000000000000000e+03
2.199780000000000000e+05 6.621000000000000000e+03
2.233110000000000000e+05 6.456000000000000000e+03
2.266440000000000000e+05 6.332000000000000000e+03
2.299770000000000000e+05 6.408000000000000000e+03
2.333100000000000000e+05 6.339000000000000000e+03
2.366430000000000000e+05 6.454000000000000000e+03
2.399760000000000000e+05 6.588000000000000000e+03
2.433090000000000000e+05 6.849000000000000000e+03
2.466420000000000000e+05 6.893000000000000000e+03
2.499750000000000000e+05 7.495000000000000000e+03
2.533080000000000000e+05 7.704000000000000000e+03
2.566410000000000000e+05 8.186000000000000000e+03
2.599740000000000000e+05 8.730000000000000000e+03
2.633070000000000000e+05 9.294000000000000000e+03
2.666400000000000000e+05 1.008700000000000000e+04
2.699730000000000000e+05 1.064400000000000000e+04
2.733060000000000000e+05 1.138100000000000000e+04
2.766390000000000000e+05 1.235400000000000000e+04
2.799720000000000000e+05 1.322400000000000000e+04
2.833050000000000000e+05 1.420200000000000000e+04
2.866380000000000000e+05 1.517700000000000000e+04
2.899710000000000000e+05 1.657600000000000000e+04
2.933040000000000000e+05 1.774800000000000000e+04
2.966370000000000000e+05 1.855500000000000000e+04
2.999700000000000000e+05 2.015600000000000000e+04
3.033030000000000000e+05 2.108100000000000000e+04
3.066360000000000000e+05 2.235700000000000000e+04
3.099690000000000000e+05 2.387300000000000000e+04
3.133020000000000000e+05 2.483000000000000000e+04
3.166350000000000000e+05 2.600300000000000000e+04
3.199680000000000000e+05 2.721700000000000000e+04
3.233010000000000000e+05 2.830800000000000000e+04
3.266340000000000000e+05 2.939600000000000000e+04
3.299670000000000000e+05 3.015700000000000000e+04
3.333000000000000000e+05 3.125300000000000000e+04
3.366330000000000000e+05 3.243500000000000000e+04
3.399660000000000000e+05 3.295500000000000000e+04
3.432990000000000000e+05 3.429500000000000000e+04
3.466320000000000000e+05 3.497600000000000000e+04
3.499650000000000000e+05 3.605000000000000000e+04
3.532980000000000000e+05 3.666400000000000000e+04
3.566310000000000000e+05 3.688800000000000000e+04
3.599640000000000000e+05 3.783200000000000000e+04
3.632970000000000000e+05 3.833600000000000000e+04
3.666300000000000000e+05 3.836300000000000000e+04
3.699630000000000000e+05 3.852900000000000000e+04
3.732960000000000000e+05 3.907500000000000000e+04
3.766290000000000000e+05 3.962400000000000000e+04
3.799620000000000000e+05 3.966400000000000000e+04
3.832950000000000000e+05 4.027100000000000000e+04
3.866280000000000000e+05 4.034100000000000000e+04
3.899610000000000000e+05 4.037600000000000000e+04
3.932940000000000000e+05 4.017700000000000000e+04
3.966270000000000000e+05 4.023100000000000000e+04
3.999600000000000000e+05 4.062400000000000000e+04
4.032930000000000000e+05 4.045500000000000000e+04
4.066260000000000000e+05 4.014800000000000000e+04
4.099590000000000000e+05 3.995900000000000000e+04
4.132920000000000000e+05 3.994500000000000000e+04
4.166250000000000000e+05 3.966300000000000000e+04
4.199580000000000000e+05 3.990900000000000000e+04
4.232910000000000000e+05 3.913900000000000000e+04
4.266240000000000000e+05 3.851400000000000000e+04
4.299570000000000000e+05 3.820800000000000000e+04
4.332900000000000000e+05 3.768300000000000000e+04
4.366230000000000000e+05 3.716200000000000000e+04
4.399560000000000000e+05 3.646800000000000000e+04
4.432890000000000000e+05 3.594500000000000000e+04
4.466220000000000000e+05 3.503200000000000000e+04
4.499550000000000000e+05 3.462100000000000000e+04
4.532880000000000000e+05 3.345500000000000000e+04
4.566210000000000000e+05 3.269700000000000000e+04
4.599540000000000000e+05 3.167400000000000000e+04
4.632870000000000000e+05 3.058700000000000000e+04
4.666200000000000000e+05 2.958500000000000000e+04
4.699530000000000000e+05 2.821800000000000000e+04
4.732860000000000000e+05 2.753300000000000000e+04
4.766190000000000000e+05 2.631700000000000000e+04
4.799520000000000000e+05 2.522700000000000000e+04
4.832850000000000000e+05 2.401900000000000000e+04
4.866180000000000000e+05 2.252900000000000000e+04
4.899510000000000000e+05 2.124100000000000000e+04
4.932840000000000000e+05 2.007400000000000000e+04
4.966170000000000000e+05 1.904200000000000000e+04
4.999500000000000000e+05 1.801600000000000000e+04
5.032830000000000000e+05 1.679900000000000000e+04
5.066160000000000000e+05 1.552800000000000000e+04
5.099490000000000000e+05 1.476600000000000000e+04
5.132820000000000000e+05 1.369200000000000000e+04
5.166150000000000000e+05 1.279800000000000000e+04
5.199480000000000000e+05 1.199300000000000000e+04
5.232810000000000000e+05 1.099400000000000000e+04
5.266140000000000000e+05 1.029600000000000000e+04
5.299470000000000000e+05 9.322000000000000000e+03
5.332800000000000000e+05 8.894000000000000000e+03
5.366130000000000000e+05 8.424000000000000000e+03
5.399460000000000000e+05 7.996000000000000000e+03
5.432790000000000000e+05 7.429000000000000000e+03
5.466120000000000000e+05 7.226000000000000000e+03
5.499450000000000000e+05 6.721000000000000000e+03
5.532780000000000000e+05 6.575000000000000000e+03
5.566110000000000000e+05 6.447000000000000000e+03
5.599440000000000000e+05 6.404000000000000000e+03
5.632770000000000000e+05 6.477000000000000000e+03
5.666100000000000000e+05 6.445000000000000000e+03
5.699430000000000000e+05 6.339000000000000000e+03
5.732760000000000000e+05 6.411000000000000000e+03
5.766090000000000000e+05 6.797000000000000000e+03
5.799420000000000000e+05 7.156000000000000000e+03
5.832750000000000000e+05 7.405000000000000000e+03
5.866080000000000000e+05 7.706000000000000000e+03
5.899410000000000000e+05 8.062000000000000000e+03
5.932740000000000000e+05 8.818000000000000000e+03
5.966070000000000000e+05 9.290000000000000000e+03
5.999400000000000000e+05 9.903000000000000000e+03
6.032730000000000000e+05 1.061500000000000000e+04
6.066060000000000000e+05 1.139600000000000000e+04
6.099390000000000000e+05 1.246400000000000000e+04
6.132720000000000000e+05 1.346800000000000000e+04
6.166050000000000000e+05 1.431900000000000000e+04
6.199380000000000000e+05 1.536200000000000000e+04
6.232710000000000000e+05 1.631000000000000000e+04
6.266040000000000000e+05 1.752000000000000000e+04
6.299370000000000000e+05 1.876100000000000000e+04
6.332700000000000000e+05 1.997500000000000000e+04
6.366030000000000000e+05 2.098600000000000000e+04
6.399360000000000000e+05 2.201600000000000000e+04
6.432690000000000000e+05 2.332900000000000000e+04
6.466020000000000000e+05 2.470900000000000000e+04
6.499350000000000000e+05 2.570300000000000000e+04
6.532680000000000000e+05 2.700600000000000000e+04
6.566010000000000000e+05 2.828400000000000000e+04
6.599340000000000000e+05 2.918800000000000000e+04
6.632670000000000000e+05 3.078400000000000000e+04
