0.000000000000000000e+00 7.615000000000000000e+03
1.666666666666666644e-02 7.526000000000000000e+03
3.333333333333333287e-02 7.404000000000000000e+03
5.000000000000000278e-02 7.047000000000000000e+03
6.666666666666666574e-02 7.067000000000000000e+03
8.333333333333332871e-02 6.988000000000000000e+03
1.000000000000000056e-01 7.201000000000000000e+03
1.166666666666666685e-01 7.171000000000000000e+03
1.333333333333333315e-01 7.006000000000000000e+03
1.499999999999999944e-01 7.155000000000000000e+03
1.666666666666666574e-01 7.329000000000000000e+03
1.833333333333333204e-01 7.491000000000000000e+03
2.000000000000000111e-01 7.958000000000000000e+03
2.166666666666666741e-01 8.021000000000000000e+03
2.333333333333333370e-01 8.267000000000000000e+03
2.500000000000000000e-01 8.775000000000000000e+03
2.666666666666666630e-01 9.012000000000000000e+03
2.833333333333333259e-01 9.329000000000000000e+03
2.999999999999999889e-01 9.920000000000000000e+03
3.166666666666666519e-01 1.044800000000000000e+04
3.333333333333333148e-01 1.093000000000000000e+04
3.499999999999999778e-01 1.149500000000000000e+04
3.666666666666666408e-01 1.225800000000000000e+04
3.833333333333333037e-01 1.282600000000000000e+04
4.000000000000000222e-01 1.342300000000000000e+04
4.166666666666666852e-01 1.411000000000000000e+04
4.333333333333333481e-01 1.494200000000000000e+04
4.500000000000000111e-01 1.574200000000000000e+04
4.666666666666666741e-01 1.639500000000000000e+04
4.833333333333333370e-01 1.737300000000000000e+04
5.000000000000000000e-01 1.841300000000000000e+04
5.166666666666666075e-01 1.892000000000000000e+04
5.333333333333333259e-01 1.988400000000000000e+04
5.500000000000000444e-01 2.084800000000000000e+04
5.666666666666666519e-01 2.174600000000000000e+04
5.833333333333333703e-01 2.235600000000000000e+04
5.999999999999999778e-01 2.335000000000000000e+04
6.166666666666666963e-01 2.418200000000000000e+04
6.333333333333333037e-01 2.519300000000000000e+04
6.500000000000000222e-01 2.579100000000000000e+04
6.666666666666666297e-01 2.697800000000000000e+04
6.833333333333333481e-01 2.729500000000000000e+04
6.999999999999999556e-01 2.812100000000000000e+04
7.166666666666666741e-01 2.877100000000000000e+04
7.333333333333332815e-01 2.971900000000000000e+04
7.500000000000000000e-01 3.004400000000000000e+04
7.666666666666666075e-01 3.076300000000000000e+04
7.833333333333333259e-01 3.149800000000000000e+04
8.000000000000000444e-01 3.207900000000000000e+04
8.166666666666666519e-01 3.278300000000000000e+04
8.333333333333333703e-01 3.289300000000000000e+04
8.499999999999999778e-01 3.356600000000000000e+04
8.666666666666666963e-01 3.363800000000000000e+04
8.833333333333333037e-01 3.415100000000000000e+04
9.000000000000000222e-01 3.467400000000000000e+04
9.166666666666666297e-01 3.501400000000000000e+04
9.333333333333333481e-01 3.520700000000000000e+04
9.499999999999999556e-01 3.516000000000000000e+04
9.666666666666666741e-01 3.537700000000000000e+04
9.833333333333332815e-01 3.589600000000000000e+04
1.000000000000000000e+00 3.652400000000000000e+04
1.016666666666666607e+00 3.594100000000000000e+04
1.033333333333333215e+00 3.609000000000000000e+04
1.050000000000000044e+00 3.686100000000000000e+04
1.066666666666666652e+00 3.642100000000000000e+04
1.083333333333333259e+00 3.637700000000000000e+04
1.100000000000000089e+00 3.662300000000000000e+04
1.116666666666666696e+00 3.663500000000000000e+04
1.133333333333333304e+00 3.634800000000000000e+04
1.149999999999999911e+00 3.649700000000000000e+04
1.166666666666666741e+00 3.663100000000000000e+04
1.183333333333333348e+00 3.624400000000000000e+04
1.199999999999999956e+00 3.618800000000000000e+04
1.216666666666666563e+00 3.577100000000000000e+04
1.233333333333333393e+00 3.590400000000000000e+04
1.250000000000000000e+00 3.568800000000000000e+04
1.266666666666666607e+00 3.504900000000000000e+04
1.283333333333333215e+00 3.509300000000000000e+04
1.300000000000000044e+00 3.461100000000000000e+04
1.316666666666666652e+00 3.385900000000000000e+04
1.333333333333333259e+00 3.387900000000000000e+04
1.350000000000000089e+00 3.354500000000000000e+04
1.366666666666666696e+00 3.272000000000000000e+04
1.383333333333333304e+00 3.254000000000000000e+04
1.399999999999999911e+00 3.155200000000000000e+04
1.416666666666666741e+00 3.143300000000000000e+04
1.433333333333333348e+00 3.044000000000000000e+04
1.449999999999999956e+00 2.979800000000000000e+04
1.466666666666666563e+00 2.915100000000000000e+04
1.483333333333333393e+00 2.850200000000000000e+04
1.500000000000000000e+00 2.764500000000000000e+04
1.516666666666666607e+00 2.679800000000000000e+04
1.533333333333333215e+00 2.638100000000000000e+04
1.550000000000000044e+00 2.529800000000000000e+04
1.566666666666666652e+00 2.419700000000000000e+04
1.583333333333333259e+00 2.391600000000000000e+04
1.600000000000000089e+00 2.274200000000000000e+04
1.616666666666666696e+00 2.189000000000000000e+04
1.633333333333333304e+00 2.131800000000000000e+04
1.649999999999999911e+00 2.027900000000000000e+04
1.666666666666666741e+00 1.922500000000000000e+04
1.683333333333333348e+00 1.829000000000000000e+04
1.699999999999999956e+00 1.753500000000000000e+04
1.716666666666666563e+00 1.675300000000000000e+04
1.733333333333333393e+00 1.603600000000000000e+04
1.750000000000000000e+00 1.522400000000000000e+04
1.766666666666666607e+00 1.442400000000000000e+04
1.783333333333333215e+00 1.367300000000000000e+04
1.800000000000000044e+00 1.305900000000000000e+04
1.816666666666666652e+00 1.240500000000000000e+04
1.833333333333333259e+00 1.166000000000000000e+04
1.849999999999999867e+00 1.107000000000000000e+04
1.866666666666666696e+00 1.068700000000000000e+04
1.883333333333333304e+00 1.002600000000000000e+04
1.899999999999999911e+00 9.701000000000000000e+03
1.916666666666666741e+00 9.419000000000000000e+03
1.933333333333333348e+00 8.872000000000000000e+03
1.949999999999999956e+00 8.657000000000000000e+03
1.966666666666666563e+00 8.126000000000000000e+03
1.983333333333333393e+00 7.947000000000000000e+03
2.000000000000000000e+00 7.671000000000000000e+03
2.016666666666666607e+00 7.608000000000000000e+03
2.033333333333333215e+00 7.488000000000000000e+03
2.049999999999999822e+00 7.358000000000000000e+03
2.066666666666666430e+00 7.153000000000000000e+03
2.083333333333333481e+00 7.104000000000000000e+03
2.100000000000000089e+00 7.090000000000000000e+03
2.116666666666666696e+00 7.119000000000000000e+03
2.133333333333333304e+00 7.204000000000000000e+03
2.149999999999999911e+00 7.277000000000000000e+03
2.166666666666666519e+00 7.514000000000000000e+03
2.183333333333333126e+00 7.647000000000000000e+03
2.200000000000000178e+00 8.034000000000000000e+03
2.216666666666666785e+00 8.143000000000000000e+03
2.233333333333333393e+00 8.322000000000000000e+03
2.250000000000000000e+00 8.499000000000000000e+03
2.266666666666666607e+00 9.035000000000000000e+03
2.283333333333333215e+00 9.533000000000000000e+03
2.299999999999999822e+00 9.905000000000000000e+03
2.316666666666666430e+00 1.037200000000000000e+04
2.333333333333333481e+00 1.098400000000000000e+04
2.350000000000000089e+00 1.164700000000000000e+04
2.366666666666666696e+00 1.240200000000000000e+04
2.383333333333333304e+00 1.281100000000000000e+04
2.399999999999999911e+00 1.342400000000000000e+04
2.416666666666666519e+00 1.416400000000000000e+04
2.433333333333333126e+00 1.497400000000000000e+04
2.450000000000000178e+00 1.571300000000000000e+04
2.466666666666666785e+00 1.648900000000000000e+04
2.483333333333333393e+00 1.722200000000000000e+04
2.500000000000000000e+00 1.835300000000000000e+04
2.516666666666666607e+00 1.896400000000000000e+04
2.533333333333333215e+00 1.992600000000000000e+04
2.549999999999999822e+00 2.114800000000000000e+04
2.566666666666666430e+00 2.159600000000000000e+04
2.583333333333333481e+00 2.232700000000000000e+04
2.600000000000000089e+00 2.351500000000000000e+04
2.616666666666666696e+00 2.423800000000000000e+04
2.633333333333333304e+00 2.496000000000000000e+04
2.649999999999999911e+00 2.577600000000000000e+04
2.666666666666666519e+00 2.671100000000000000e+04
2.683333333333333126e+00 2.730800000000000000e+04
2.700000000000000178e+00 2.803500000000000000e+04
2.716666666666666785e+00 2.905400000000000000e+04
2.733333333333333393e+00 2.932900000000000000e+04
2.750000000000000000e+00 3.047200000000000000e+04
2.766666666666666607e+00 3.094600000000000000e+04
2.783333333333333215e+00 3.167800000000000000e+04
2.799999999999999822e+00 3.236600000000000000e+04
2.816666666666666430e+00 3.267300000000000000e+04
2.833333333333333481e+00 3.295200000000000000e+04
2.850000000000000089e+00 3.354200000000000000e+04
2.866666666666666696e+00 3.360000000000000000e+04
2.883333333333333304e+00 3.427800000000000000e+04
2.899999999999999911e+00 3.462400000000000000e+04
2.916666666666666519e+00 3.462100000000000000e+04
2.933333333333333126e+00 3.548500000000000000e+04
2.950000000000000178e+00 3.550200000000000000e+04
2.966666666666666785e+00 3.569500000000000000e+04
2.983333333333333393e+00 3.593000000000000000e+04
3.000000000000000000e+00 3.605800000000000000e+04
3.016666666666666607e+00 3.621700000000000000e+04
3.033333333333333215e+00 3.660900000000000000e+04
3.049999999999999822e+00 3.669300000000000000e+04
3.066666666666666430e+00 3.629000000000000000e+04
3.083333333333333481e+00 3.657900000000000000e+04
3.100000000000000089e+00 3.632300000000000000e+04
3.116666666666666696e+00 3.641500000000000000e+04
3.133333333333333304e+00 3.645400000000000000e+04
3.149999999999999911e+00 3.619100000000000000e+04
3.166666666666666519e+00 3.634100000000000000e+04
3.183333333333333126e+00 3.645800000000000000e+04
3.200000000000000178e+00 3.635300000000000000e+04
3.216666666666666785e+00 3.590100000000000000e+04
3.233333333333333393e+00 3.550400000000000000e+04
3.250000000000000000e+00 3.543200000000000000e+04
3.266666666666666607e+00 3.482000000000000000e+04
3.283333333333333215e+00 3.518700000000000000e+04
3.299999999999999822e+00 3.472900000000000000e+04
3.316666666666666430e+00 3.399100000000000000e+04
3.333333333333333481e+00 3.367900000000000000e+04
3.350000000000000089e+00 3.338600000000000000e+04
3.366666666666666696e+00 3.306300000000000000e+04
3.383333333333333304e+00 3.234800000000000000e+04
