0.000000000000000000e+00 1.869700000000000000e+04
5.000000000000000278e-02 1.966800000000000000e+04
1.000000000000000056e-01 2.078200000000000000e+04
1.500000000000000222e-01 2.246600000000000000e+04
2.000000000000000111e-01 2.380300000000000000e+04
2.500000000000000000e-01 2.509700000000000000e+04
3.000000000000000444e-01 2.606100000000000000e+04
3.500000000000000333e-01 2.766300000000000000e+04
4.000000000000000222e-01 2.908700000000000000e+04
4.500000000000000111e-01 3.002500000000000000e+04
5.000000000000000000e-01 3.141600000000000000e+04
5.500000000000000444e-01 3.295200000000000000e+04
6.000000000000000888e-01 3.394700000000000000e+04
6.500000000000000222e-01 3.514500000000000000e+04
7.000000000000000666e-01 3.641500000000000000e+04
7.500000000000000000e-01 3.752100000000000000e+04
8.000000000000000444e-01 3.833700000000000000e+04
8.500000000000000888e-01 3.933500000000000000e+04
9.000000000000000222e-01 4.020000000000000000e+04
9.500000000000000666e-01 4.097200000000000000e+04
1.000000000000000000e+00 4.208500000000000000e+04
1.050000000000000044e+00 4.250800000000000000e+04
1.100000000000000089e+00 4.347900000000000000e+04
1.150000000000000133e+00 4.380100000000000000e+04
1.200000000000000178e+00 4.422100000000000000e+04
1.250000000000000000e+00 4.478000000000000000e+04
1.300000000000000044e+00 4.540600000000000000e+04
1.350000000000000089e+00 4.538100000000000000e+04
1.400000000000000133e+00 4.606400000000000000e+04
1.450000000000000178e+00 4.611700000000000000e+04
1.500000000000000000e+00 4.640200000000000000e+04
1.550000000000000044e+00 4.666300000000000000e+04
1.600000000000000089e+00 4.679000000000000000e+04
1.650000000000000133e+00 4.658200000000000000e+04
1.700000000000000178e+00 4.667900000000000000e+04
1.750000000000000000e+00 4.657000000000000000e+04
1.800000000000000044e+00 4.643900000000000000e+04
1.850000000000000089e+00 4.639600000000000000e+04
1.900000000000000133e+00 4.595400000000000000e+04
1.950000000000000178e+00 4.583300000000000000e+04
2.000000000000000000e+00 4.548900000000000000e+04
2.050000000000000266e+00 4.554300000000000000e+04
2.100000000000000089e+00 4.480500000000000000e+04
2.149999999999999911e+00 4.430300000000000000e+04
2.200000000000000178e+00 4.371100000000000000e+04
2.250000000000000000e+00 4.339000000000000000e+04
2.300000000000000266e+00 4.246100000000000000e+04
2.350000000000000089e+00 4.205800000000000000e+04
2.400000000000000355e+00 4.080400000000000000e+04
2.450000000000000178e+00 3.993800000000000000e+04
2.500000000000000000e+00 3.922900000000000000e+04
2.550000000000000266e+00 3.810700000000000000e+04
2.600000000000000089e+00 3.710900000000000000e+04
2.650000000000000355e+00 3.625400000000000000e+04
2.700000000000000178e+00 3.477300000000000000e+04
2.750000000000000000e+00 3.375700000000000000e+04
2.800000000000000266e+00 3.251300000000000000e+04
2.850000000000000089e+00 3.093300000000000000e+04
2.900000000000000355e+00 2.955700000000000000e+04
2.950000000000000178e+00 2.846600000000000000e+04
3.000000000000000000e+00 2.706000000000000000e+04
3.050000000000000266e+00 2.554700000000000000e+04
3.100000000000000089e+00 2.446400000000000000e+04
3.150000000000000355e+00 2.284900000000000000e+04
3.200000000000000178e+00 2.193400000000000000e+04
3.250000000000000000e+00 2.070700000000000000e+04
3.300000000000000266e+00 1.929900000000000000e+04
3.350000000000000089e+00 1.824900000000000000e+04
3.400000000000000355e+00 1.689400000000000000e+04
3.450000000000000178e+00 1.598200000000000000e+04
3.500000000000000000e+00 1.505900000000000000e+04
3.550000000000000266e+00 1.407200000000000000e+04
3.600000000000000089e+00 1.326600000000000000e+04
3.650000000000000355e+00 1.237600000000000000e+04
3.700000000000000178e+00 1.178100000000000000e+04
3.750000000000000000e+00 1.100100000000000000e+04
3.800000000000000266e+00 1.062700000000000000e+04
3.850000000000000089e+00 9.972000000000000000e+03
3.900000000000000355e+00 9.743000000000000000e+03
3.950000000000000178e+00 9.390000000000000000e+03
4.000000000000000000e+00 9.293000000000000000e+03
4.049999999999999822e+00 9.181000000000000000e+03
4.100000000000000533e+00 8.733000000000000000e+03
4.150000000000000355e+00 8.712000000000000000e+03
4.200000000000000178e+00 8.777000000000000000e+03
4.250000000000000000e+00 8.795000000000000000e+03
4.299999999999999822e+00 9.048000000000000000e+03
4.350000000000000533e+00 9.177000000000000000e+03
4.400000000000000355e+00 9.496000000000000000e+03
4.450000000000000178e+00 9.826000000000000000e+03
4.500000000000000000e+00 1.026300000000000000e+04
4.549999999999999822e+00 1.080900000000000000e+04
4.600000000000000533e+00 1.146600000000000000e+04
4.650000000000000355e+00 1.197200000000000000e+04
4.700000000000000178e+00 1.283300000000000000e+04
4.750000000000000000e+00 1.367100000000000000e+04
4.800000000000000711e+00 1.423900000000000000e+04
4.850000000000000533e+00 1.532100000000000000e+04
4.900000000000000355e+00 1.674500000000000000e+04
4.950000000000000178e+00 1.737800000000000000e+04
5.000000000000000000e+00 1.879300000000000000e+04
5.050000000000000711e+00 1.978400000000000000e+04
5.100000000000000533e+00 2.084900000000000000e+04
5.150000000000000355e+00 2.226600000000000000e+04
5.200000000000000178e+00 2.364100000000000000e+04
5.250000000000000000e+00 2.488400000000000000e+04
5.300000000000000711e+00 2.638400000000000000e+04
5.350000000000000533e+00 2.737400000000000000e+04
5.400000000000000355e+00 2.926200000000000000e+04
5.450000000000000178e+00 3.015600000000000000e+04
5.500000000000000000e+00 3.169400000000000000e+04
5.550000000000000711e+00 3.296100000000000000e+04
5.600000000000000533e+00 3.382400000000000000e+04
5.650000000000000355e+00 3.526500000000000000e+04
5.700000000000000178e+00 3.630200000000000000e+04
5.750000000000000000e+00 3.742100000000000000e+04
5.800000000000000711e+00 3.873300000000000000e+04
5.850000000000000533e+00 3.952300000000000000e+04
5.900000000000000355e+00 4.047800000000000000e+04
5.950000000000000178e+00 4.104100000000000000e+04
6.000000000000000000e+00 4.171700000000000000e+04
6.050000000000000711e+00 4.248800000000000000e+04
6.100000000000000533e+00 4.321200000000000000e+04
6.150000000000000355e+00 4.377700000000000000e+04
6.200000000000000178e+00 4.441900000000000000e+04
6.250000000000000000e+00 4.472400000000000000e+04
6.300000000000000711e+00 4.521900000000000000e+04
6.350000000000000533e+00 4.568100000000000000e+04
6.400000000000000355e+00 4.555100000000000000e+04
6.450000000000000178e+00 4.587400000000000000e+04
6.500000000000000000e+00 4.622800000000000000e+04
6.550000000000000711e+00 4.601300000000000000e+04
6.600000000000000533e+00 4.659700000000000000e+04
6.650000000000000355e+00 4.629200000000000000e+04
6.700000000000000178e+00 4.675700000000000000e+04
6.750000000000000000e+00 4.653400000000000000e+04
6.800000000000000711e+00 4.654600000000000000e+04
6.850000000000000533e+00 4.642700000000000000e+04
6.900000000000000355e+00 4.581500000000000000e+04
6.950000000000000178e+00 4.586100000000000000e+04
7.000000000000000000e+00 4.535700000000000000e+04
7.050000000000000711e+00 4.543100000000000000e+04
7.100000000000000533e+00 4.482500000000000000e+04
7.150000000000000355e+00 4.403200000000000000e+04
7.200000000000000178e+00 4.405700000000000000e+04
7.250000000000000000e+00 4.278700000000000000e+04
7.300000000000000711e+00 4.291200000000000000e+04
7.350000000000000533e+00 4.221500000000000000e+04
7.400000000000000355e+00 4.104900000000000000e+04
7.450000000000000178e+00 3.996200000000000000e+04
7.500000000000000000e+00 3.936600000000000000e+04
7.550000000000000711e+00 3.835400000000000000e+04
7.600000000000000533e+00 3.688200000000000000e+04
7.650000000000000355e+00 3.560100000000000000e+04
7.700000000000000178e+00 3.486500000000000000e+04
7.750000000000000000e+00 3.369200000000000000e+04
7.800000000000000711e+00 3.252400000000000000e+04
7.850000000000000533e+00 3.146700000000000000e+04
7.900000000000000355e+00 2.984500000000000000e+04
7.950000000000000178e+00 2.876700000000000000e+04
8.000000000000000000e+00 2.725900000000000000e+04
8.050000000000000711e+00 2.588200000000000000e+04
8.099999999999999645e+00 2.484900000000000000e+04
8.150000000000000355e+00 2.316200000000000000e+04
8.200000000000001066e+00 2.201900000000000000e+04
8.250000000000000000e+00 2.057100000000000000e+04
8.300000000000000711e+00 1.934600000000000000e+04
8.349999999999999645e+00 1.844400000000000000e+04
8.400000000000000355e+00 1.716300000000000000e+04
8.450000000000001066e+00 1.613300000000000000e+04
8.500000000000000000e+00 1.500400000000000000e+04
8.550000000000000711e+00 1.426600000000000000e+04
8.599999999999999645e+00 1.342900000000000000e+04
8.650000000000000355e+00 1.257300000000000000e+04
8.700000000000001066e+00 1.173300000000000000e+04
8.750000000000000000e+00 1.132900000000000000e+04
8.800000000000000711e+00 1.068100000000000000e+04
8.849999999999999645e+00 1.025700000000000000e+04
8.900000000000000355e+00 9.864000000000000000e+03
8.950000000000001066e+00 9.623000000000000000e+03
9.000000000000000000e+00 9.279000000000000000e+03
9.050000000000000711e+00 9.079000000000000000e+03
9.099999999999999645e+00 9.009000000000000000e+03
9.150000000000000355e+00 8.879000000000000000e+03
9.200000000000001066e+00 8.836000000000000000e+03
9.250000000000000000e+00 8.943000000000000000e+03
9.300000000000000711e+00 9.031000000000000000e+03
9.349999999999999645e+00 9.363000000000000000e+03
9.400000000000000355e+00 9.581000000000000000e+03
9.450000000000001066e+00 9.916000000000000000e+03
9.500000000000000000e+00 1.045900000000000000e+04
9.550000000000000711e+00 1.102900000000000000e+04
9.600000000000001421e+00 1.156200000000000000e+04
9.650000000000000355e+00 1.224900000000000000e+04
9.700000000000001066e+00 1.301500000000000000e+04
9.750000000000000000e+00 1.340500000000000000e+04
9.800000000000000711e+00 1.447400000000000000e+04
9.850000000000001421e+00 1.532900000000000000e+04
9.900000000000000355e+00 1.645700000000000000e+04
9.950000000000001066e+00 1.752300000000000000e+04
