0.000000000000000000e+00 1.924200000000000000e+04
1.000000000000000000e+03 1.970900000000000000e+04
2.000000000000000000e+03 2.023100000000000000e+04
3.000000000000000000e+03 2.119100000000000000e+04
4.000000000000000000e+03 2.145800000000000000e+04
5.000000000000000000e+03 2.198800000000000000e+04
6.000000000000000000e+03 2.242100000000000000e+04
7.000000000000000000e+03 2.282500000000000000e+04
8.000000000000000000e+03 2.288000000000000000e+04
9.000000000000000000e+03 2.325500000000000000e+04
1.000000000000000000e+04 2.338400000000000000e+04
1.100000000000000000e+04 2.403400000000000000e+04
1.200000000000000000e+04 2.399700000000000000e+04
1.300000000000000000e+04 2.420900000000000000e+04
1.400000000000000000e+04 2.450000000000000000e+04
1.500000000000000000e+04 2.492400000000000000e+04
1.600000000000000000e+04 2.469500000000000000e+04
1.700000000000000000e+04 2.480500000000000000e+04
1.800000000000000000e+04 2.459500000000000000e+04
1.900000000000000000e+04 2.487300000000000000e+04
2.000000000000000000e+04 2.460200000000000000e+04
2.100000000000000000e+04 2.466600000000000000e+04
2.200000000000000000e+04 2.455500000000000000e+04
2.300000000000000000e+04 2.458200000000000000e+04
2.400000000000000000e+04 2.472700000000000000e+04
2.500000000000000000e+04 2.436000000000000000e+04
2.600000000000000000e+04 2.415400000000000000e+04
2.700000000000000000e+04 2.406900000000000000e+04
2.800000000000000000e+04 2.360000000000000000e+04
2.900000000000000000e+04 2.323900000000000000e+04
3.000000000000000000e+04 2.292000000000000000e+04
3.100000000000000000e+04 2.280000000000000000e+04
3.200000000000000000e+04 2.262000000000000000e+04
3.300000000000000000e+04 2.188000000000000000e+04
3.400000000000000000e+04 2.158400000000000000e+04
3.500000000000000000e+04 2.106200000000000000e+04
3.600000000000000000e+04 2.055800000000000000e+04
3.700000000000000000e+04 2.018500000000000000e+04
3.800000000000000000e+04 1.946800000000000000e+04
3.900000000000000000e+04 1.876600000000000000e+04
4.000000000000000000e+04 1.823500000000000000e+04
4.100000000000000000e+04 1.763500000000000000e+04
4.200000000000000000e+04 1.677100000000000000e+04
4.300000000000000000e+04 1.594200000000000000e+04
4.400000000000000000e+04 1.549500000000000000e+04
4.500000000000000000e+04 1.481000000000000000e+04
4.600000000000000000e+04 1.372500000000000000e+04
4.700000000000000000e+04 1.308700000000000000e+04
4.800000000000000000e+04 1.226600000000000000e+04
4.900000000000000000e+04 1.173000000000000000e+04
5.000000000000000000e+04 1.115500000000000000e+04
5.100000000000000000e+04 1.015800000000000000e+04
5.200000000000000000e+04 9.332000000000000000e+03
5.300000000000000000e+04 8.898000000000000000e+03
5.400000000000000000e+04 8.332000000000000000e+03
5.500000000000000000e+04 7.617000000000000000e+03
5.600000000000000000e+04 7.234000000000000000e+03
5.700000000000000000e+04 6.531000000000000000e+03
5.800000000000000000e+04 6.184000000000000000e+03
5.900000000000000000e+04 5.698000000000000000e+03
6.000000000000000000e+04 5.434000000000000000e+03
6.100000000000000000e+04 5.116000000000000000e+03
6.200000000000000000e+04 4.800000000000000000e+03
6.300000000000000000e+04 4.485000000000000000e+03
6.400000000000000000e+04 4.385000000000000000e+03
6.500000000000000000e+04 4.161000000000000000e+03
6.600000000000000000e+04 4.103000000000000000e+03
6.700000000000000000e+04 3.854000000000000000e+03
6.800000000000000000e+04 3.955000000000000000e+03
6.900000000000000000e+04 3.959000000000000000e+03
7.000000000000000000e+04 3.918000000000000000e+03
7.100000000000000000e+04 3.925000000000000000e+03
7.200000000000000000e+04 3.933000000000000000e+03
7.300000000000000000e+04 4.121000000000000000e+03
7.400000000000000000e+04 4.240000000000000000e+03
7.500000000000000000e+04 4.525000000000000000e+03
7.600000000000000000e+04 4.759000000000000000e+03
7.700000000000000000e+04 4.963000000000000000e+03
7.800000000000000000e+04 5.423000000000000000e+03
7.900000000000000000e+04 5.678000000000000000e+03
8.000000000000000000e+04 6.025000000000000000e+03
8.100000000000000000e+04 6.462000000000000000e+03
8.200000000000000000e+04 7.038000000000000000e+03
8.300000000000000000e+04 7.520000000000000000e+03
8.400000000000000000e+04 8.087000000000000000e+03
8.500000000000000000e+04 8.751000000000000000e+03
8.600000000000000000e+04 9.375000000000000000e+03
8.700000000000000000e+04 1.003500000000000000e+04
8.800000000000000000e+04 1.076100000000000000e+04
8.900000000000000000e+04 1.142500000000000000e+04
9.000000000000000000e+04 1.206600000000000000e+04
9.100000000000000000e+04 1.292900000000000000e+04
9.200000000000000000e+04 1.384800000000000000e+04
9.300000000000000000e+04 1.425300000000000000e+04
9.400000000000000000e+04 1.520400000000000000e+04
9.500000000000000000e+04 1.600600000000000000e+04
9.600000000000000000e+04 1.679700000000000000e+04
9.700000000000000000e+04 1.742900000000000000e+04
9.800000000000000000e+04 1.791700000000000000e+04
9.900000000000000000e+04 1.869300000000000000e+04
1.000000000000000000e+05 1.917000000000000000e+04
1.010000000000000000e+05 1.972100000000000000e+04
1.020000000000000000e+05 2.028500000000000000e+04
1.030000000000000000e+05 2.098200000000000000e+04
1.040000000000000000e+05 2.152500000000000000e+04
1.050000000000000000e+05 2.189800000000000000e+04
1.060000000000000000e+05 2.229700000000000000e+04
1.070000000000000000e+05 2.238700000000000000e+04
1.080000000000000000e+05 2.288300000000000000e+04
1.090000000000000000e+05 2.335400000000000000e+04
1.100000000000000000e+05 2.360500000000000000e+04
1.110000000000000000e+05 2.384700000000000000e+04
1.120000000000000000e+05 2.400800000000000000e+04
1.130000000000000000e+05 2.413600000000000000e+04
1.140000000000000000e+05 2.455100000000000000e+04
1.150000000000000000e+05 2.467400000000000000e+04
1.160000000000000000e+05 2.495400000000000000e+04
1.170000000000000000e+05 2.487300000000000000e+04
1.180000000000000000e+05 2.493000000000000000e+04
1.190000000000000000e+05 2.480800000000000000e+04
1.200000000000000000e+05 2.474100000000000000e+04
1.210000000000000000e+05 2.475200000000000000e+04
1.220000000000000000e+05 2.484100000000000000e+04
1.230000000000000000e+05 2.459600000000000000e+04
1.240000000000000000e+05 2.425600000000000000e+04
1.250000000000000000e+05 2.420600000000000000e+04
1.260000000000000000e+05 2.404100000000000000e+04
1.270000000000000000e+05 2.388900000000000000e+04
1.280000000000000000e+05 2.395700000000000000e+04
1.290000000000000000e+05 2.371900000000000000e+04
1.300000000000000000e+05 2.337700000000000000e+04
1.310000000000000000e+05 2.275400000000000000e+04
1.320000000000000000e+05 2.253400000000000000e+04
1.330000000000000000e+05 2.179100000000000000e+04
1.340000000000000000e+05 2.157600000000000000e+04
1.350000000000000000e+05 2.122700000000000000e+04
1.360000000000000000e+05 2.050500000000000000e+04
1.370000000000000000e+05 2.006000000000000000e+04
1.380000000000000000e+05 1.930900000000000000e+04
1.390000000000000000e+05 1.886800000000000000e+04
1.400000000000000000e+05 1.819200000000000000e+04
1.410000000000000000e+05 1.765000000000000000e+04
1.420000000000000000e+05 1.677400000000000000e+04
1.430000000000000000e+05 1.597200000000000000e+04
1.440000000000000000e+05 1.525500000000000000e+04
1.450000000000000000e+05 1.464900000000000000e+04
1.460000000000000000e+05 1.396400000000000000e+04
1.470000000000000000e+05 1.306800000000000000e+04
1.480000000000000000e+05 1.237300000000000000e+04
1.490000000000000000e+05 1.159700000000000000e+04
1.500000000000000000e+05 1.111300000000000000e+04
1.510000000000000000e+05 1.047000000000000000e+04
1.520000000000000000e+05 9.630000000000000000e+03
1.530000000000000000e+05 9.001000000000000000e+03
1.540000000000000000e+05 8.229000000000000000e+03
1.550000000000000000e+05 7.705000000000000000e+03
1.560000000000000000e+05 7.211000000000000000e+03
1.570000000000000000e+05 6.695000000000000000e+03
1.580000000000000000e+05 6.232000000000000000e+03
1.590000000000000000e+05 5.815000000000000000e+03
1.600000000000000000e+05 5.637000000000000000e+03
1.610000000000000000e+05 5.080000000000000000e+03
1.620000000000000000e+05 4.758000000000000000e+03
1.630000000000000000e+05 4.637000000000000000e+03
1.640000000000000000e+05 4.323000000000000000e+03
1.650000000000000000e+05 4.124000000000000000e+03
1.660000000000000000e+05 4.100000000000000000e+03
1.670000000000000000e+05 4.013000000000000000e+03
1.680000000000000000e+05 3.942000000000000000e+03
1.690000000000000000e+05 3.867000000000000000e+03
1.700000000000000000e+05 3.895000000000000000e+03
1.710000000000000000e+05 3.940000000000000000e+03
1.720000000000000000e+05 4.052000000000000000e+03
1.730000000000000000e+05 4.092000000000000000e+03
1.740000000000000000e+05 4.430000000000000000e+03
1.750000000000000000e+05 4.597000000000000000e+03
1.760000000000000000e+05 4.582000000000000000e+03
1.770000000000000000e+05 4.964000000000000000e+03
1.780000000000000000e+05 5.398000000000000000e+03
1.790000000000000000e+05 5.775000000000000000e+03
1.800000000000000000e+05 6.103000000000000000e+03
1.810000000000000000e+05 6.407000000000000000e+03
1.820000000000000000e+05 6.816000000000000000e+03
1.830000000000000000e+05 7.517000000000000000e+03
1.840000000000000000e+05 8.102000000000000000e+03
1.850000000000000000e+05 8.621000000000000000e+03
1.860000000000000000e+05 9.392000000000000000e+03
1.870000000000000000e+05 1.007200000000000000e+04
1.880000000000000000e+05 1.077800000000000000e+04
1.890000000000000000e+05 1.157100000000000000e+04
1.900000000000000000e+05 1.220400000000000000e+04
1.910000000000000000e+05 1.264100000000000000e+04
1.920000000000000000e+05 1.360600000000000000e+04
1.930000000000000000e+05 1.434700000000000000e+04
1.940000000000000000e+05 1.502400000000000000e+04
1.950000000000000000e+05 1.587500000000000000e+04
1.960000000000000000e+05 1.676500000000000000e+04
1.970000000000000000e+05 1.729600000000000000e+04
1.980000000000000000e+05 1.807500000000000000e+04
1.990000000000000000e+05 1.871900000000000000e+04
