0.000000000000000000e+00 2.817700000000000000e+04
1.000000000000000056e-01 2.974100000000000000e+04
2.000000000000000111e-01 3.138000000000000000e+04
3.000000000000000444e-01 3.230700000000000000e+04
4.000000000000000222e-01 3.359300000000000000e+04
5.000000000000000000e-01 3.471700000000000000e+04
6.000000000000000888e-01 3.617800000000000000e+04
7.000000000000000666e-01 3.774700000000000000e+04
8.000000000000000444e-01 3.831100000000000000e+04
9.000000000000000222e-01 3.907100000000000000e+04
1.000000000000000000e+00 4.041600000000000000e+04
1.100000000000000089e+00 4.134600000000000000e+04
1.200000000000000178e+00 4.218000000000000000e+04
1.300000000000000044e+00 4.305900000000000000e+04
1.400000000000000133e+00 4.386000000000000000e+04
1.500000000000000000e+00 4.451200000000000000e+04
1.600000000000000089e+00 4.527500000000000000e+04
1.700000000000000178e+00 4.573100000000000000e+04
1.800000000000000044e+00 4.612200000000000000e+04
1.900000000000000133e+00 4.627700000000000000e+04
2.000000000000000000e+00 4.689300000000000000e+04
2.100000000000000089e+00 4.690500000000000000e+04
2.200000000000000178e+00 4.739400000000000000e+04
2.300000000000000266e+00 4.728200000000000000e+04
2.400000000000000355e+00 4.736900000000000000e+04
2.500000000000000000e+00 4.748800000000000000e+04
2.600000000000000089e+00 4.765300000000000000e+04
2.700000000000000178e+00 4.773000000000000000e+04
2.800000000000000266e+00 4.778600000000000000e+04
2.900000000000000355e+00 4.732200000000000000e+04
3.000000000000000000e+00 4.726800000000000000e+04
3.100000000000000089e+00 4.722500000000000000e+04
3.200000000000000178e+00 4.691300000000000000e+04
3.300000000000000266e+00 4.671700000000000000e+04
3.400000000000000355e+00 4.621500000000000000e+04
3.500000000000000000e+00 4.570500000000000000e+04
3.600000000000000089e+00 4.611200000000000000e+04
3.700000000000000178e+00 4.496300000000000000e+04
3.800000000000000266e+00 4.415800000000000000e+04
3.900000000000000355e+00 4.356200000000000000e+04
4.000000000000000000e+00 4.235400000000000000e+04
4.100000000000000533e+00 4.144600000000000000e+04
4.200000000000000178e+00 4.091300000000000000e+04
4.299999999999999822e+00 4.016600000000000000e+04
4.400000000000000355e+00 3.911900000000000000e+04
4.500000000000000000e+00 3.807000000000000000e+04
4.600000000000000533e+00 3.667200000000000000e+04
4.700000000000000178e+00 3.558100000000000000e+04
4.800000000000000711e+00 3.422800000000000000e+04
4.900000000000000355e+00 3.303200000000000000e+04
5.000000000000000000e+00 3.194100000000000000e+04
5.100000000000000533e+00 3.064900000000000000e+04
5.200000000000000178e+00 2.928700000000000000e+04
5.300000000000000711e+00 2.763700000000000000e+04
5.400000000000000355e+00 2.630800000000000000e+04
5.500000000000000000e+00 2.521800000000000000e+04
5.600000000000000533e+00 2.364900000000000000e+04
5.700000000000000178e+00 2.246900000000000000e+04
5.800000000000000711e+00 2.098200000000000000e+04
5.900000000000000355e+00 1.989800000000000000e+04
6.000000000000000000e+00 1.868000000000000000e+04
6.100000000000000533e+00 1.765300000000000000e+04
6.200000000000000178e+00 1.633200000000000000e+04
6.300000000000000711e+00 1.555100000000000000e+04
6.400000000000000355e+00 1.461600000000000000e+04
6.500000000000000000e+00 1.359300000000000000e+04
6.600000000000000533e+00 1.304900000000000000e+04
6.700000000000000178e+00 1.208100000000000000e+04
6.800000000000000711e+00 1.151500000000000000e+04
6.900000000000000355e+00 1.090000000000000000e+04
7.000000000000000000e+00 1.034300000000000000e+04
7.100000000000000533e+00 1.016600000000000000e+04
7.200000000000000178e+00 9.711000000000000000e+03
7.300000000000000711e+00 9.451000000000000000e+03
7.400000000000000355e+00 9.368000000000000000e+03
7.500000000000000000e+00 9.276000000000000000e+03
7.600000000000000533e+00 9.279000000000000000e+03
7.700000000000000178e+00 9.156000000000000000e+03
7.800000000000000711e+00 9.201000000000000000e+03
7.900000000000000355e+00 9.358000000000000000e+03
8.000000000000000000e+00 9.630000000000000000e+03
8.099999999999999645e+00 9.867000000000000000e+03
8.200000000000001066e+00 1.018900000000000000e+04
8.300000000000000711e+00 1.064000000000000000e+04
8.400000000000000355e+00 1.110000000000000000e+04
8.500000000000000000e+00 1.179000000000000000e+04
8.599999999999999645e+00 1.248700000000000000e+04
8.700000000000001066e+00 1.329300000000000000e+04
8.800000000000000711e+00 1.392500000000000000e+04
8.900000000000000355e+00 1.484200000000000000e+04
9.000000000000000000e+00 1.560900000000000000e+04
9.099999999999999645e+00 1.679900000000000000e+04
9.200000000000001066e+00 1.795600000000000000e+04
9.300000000000000711e+00 1.909200000000000000e+04
9.400000000000000355e+00 2.063000000000000000e+04
9.500000000000000000e+00 2.157100000000000000e+04
9.600000000000001421e+00 2.300600000000000000e+04
9.700000000000001066e+00 2.442700000000000000e+04
9.800000000000000711e+00 2.574300000000000000e+04
9.900000000000000355e+00 2.713200000000000000e+04
1.000000000000000000e+01 2.834300000000000000e+04
1.010000000000000142e+01 2.960000000000000000e+04
1.020000000000000107e+01 3.115800000000000000e+04
1.030000000000000071e+01 3.234300000000000000e+04
1.040000000000000036e+01 3.365100000000000000e+04
1.050000000000000000e+01 3.480000000000000000e+04
1.060000000000000142e+01 3.634500000000000000e+04
1.070000000000000107e+01 3.734500000000000000e+04
1.080000000000000071e+01 3.865400000000000000e+04
1.090000000000000036e+01 3.917000000000000000e+04
1.100000000000000000e+01 4.043500000000000000e+04
1.110000000000000142e+01 4.153600000000000000e+04
1.120000000000000107e+01 4.207500000000000000e+04
1.130000000000000071e+01 4.302200000000000000e+04
1.140000000000000036e+01 4.409200000000000000e+04
1.150000000000000000e+01 4.463000000000000000e+04
1.160000000000000142e+01 4.476000000000000000e+04
1.170000000000000107e+01 4.560700000000000000e+04
1.180000000000000071e+01 4.618700000000000000e+04
1.190000000000000036e+01 4.615300000000000000e+04
1.200000000000000000e+01 4.691100000000000000e+04
1.210000000000000142e+01 4.693100000000000000e+04
1.220000000000000107e+01 4.761300000000000000e+04
1.230000000000000071e+01 4.745400000000000000e+04
1.240000000000000036e+01 4.800300000000000000e+04
1.250000000000000000e+01 4.746900000000000000e+04
1.260000000000000142e+01 4.787300000000000000e+04
1.270000000000000107e+01 4.782500000000000000e+04
1.280000000000000071e+01 4.736900000000000000e+04
1.290000000000000036e+01 4.721400000000000000e+04
1.300000000000000000e+01 4.724800000000000000e+04
1.310000000000000142e+01 4.724500000000000000e+04
1.320000000000000107e+01 4.716600000000000000e+04
1.330000000000000071e+01 4.645300000000000000e+04
1.340000000000000036e+01 4.586100000000000000e+04
1.350000000000000000e+01 4.567800000000000000e+04
1.360000000000000142e+01 4.542900000000000000e+04
1.370000000000000107e+01 4.449900000000000000e+04
1.380000000000000071e+01 4.425800000000000000e+04
1.390000000000000036e+01 4.361800000000000000e+04
1.400000000000000000e+01 4.272700000000000000e+04
1.410000000000000142e+01 4.223100000000000000e+04
1.420000000000000107e+01 4.116300000000000000e+04
1.430000000000000071e+01 4.033300000000000000e+04
1.440000000000000036e+01 3.911200000000000000e+04
1.450000000000000000e+01 3.801000000000000000e+04
1.460000000000000142e+01 3.676100000000000000e+04
1.470000000000000107e+01 3.546800000000000000e+04
1.480000000000000071e+01 3.431000000000000000e+04
1.490000000000000036e+01 3.290500000000000000e+04
1.500000000000000000e+01 3.194700000000000000e+04
1.510000000000000142e+01 3.039300000000000000e+04
1.520000000000000107e+01 2.913600000000000000e+04
1.530000000000000071e+01 2.776200000000000000e+04
1.540000000000000036e+01 2.634100000000000000e+04
1.550000000000000000e+01 2.468500000000000000e+04
1.560000000000000142e+01 2.345200000000000000e+04
1.570000000000000107e+01 2.249400000000000000e+04
1.580000000000000071e+01 2.095400000000000000e+04
1.590000000000000036e+01 1.976600000000000000e+04
1.600000000000000000e+01 1.854500000000000000e+04
1.610000000000000142e+01 1.756500000000000000e+04
1.619999999999999929e+01 1.632800000000000000e+04
1.630000000000000071e+01 1.544300000000000000e+04
1.640000000000000213e+01 1.438500000000000000e+04
1.650000000000000000e+01 1.362200000000000000e+04
1.660000000000000142e+01 1.278400000000000000e+04
1.669999999999999929e+01 1.205000000000000000e+04
1.680000000000000071e+01 1.135000000000000000e+04
1.690000000000000213e+01 1.102100000000000000e+04
1.700000000000000000e+01 1.051900000000000000e+04
1.710000000000000142e+01 1.008800000000000000e+04
1.719999999999999929e+01 9.748000000000000000e+03
1.730000000000000071e+01 9.276000000000000000e+03
1.740000000000000213e+01 9.249000000000000000e+03
1.750000000000000000e+01 8.944000000000000000e+03
1.760000000000000142e+01 9.133000000000000000e+03
1.769999999999999929e+01 9.011000000000000000e+03
1.780000000000000071e+01 9.097000000000000000e+03
1.790000000000000213e+01 9.235000000000000000e+03
1.800000000000000000e+01 9.390000000000000000e+03
1.810000000000000142e+01 9.791000000000000000e+03
1.819999999999999929e+01 1.016300000000000000e+04
1.830000000000000071e+01 1.052900000000000000e+04
1.840000000000000213e+01 1.115100000000000000e+04
1.850000000000000000e+01 1.164000000000000000e+04
1.860000000000000142e+01 1.226100000000000000e+04
1.869999999999999929e+01 1.315000000000000000e+04
1.880000000000000071e+01 1.391300000000000000e+04
1.890000000000000213e+01 1.499600000000000000e+04
1.900000000000000000e+01 1.586800000000000000e+04
1.910000000000000142e+01 1.681700000000000000e+04
1.920000000000000284e+01 1.806900000000000000e+04
1.930000000000000071e+01 1.918500000000000000e+04
1.940000000000000213e+01 2.015800000000000000e+04
1.950000000000000000e+01 2.147800000000000000e+04
1.960000000000000142e+01 2.289600000000000000e+04
1.970000000000000284e+01 2.448400000000000000e+04
1.980000000000000071e+01 2.605200000000000000e+04
1.990000000000000213e+01 2.686800000000000000e+04
