0.000000000000000000e+00 4.056300000000000000e+04
4.995833333333333570e+00 4.143400000000000000e+04
9.991666666666667140e+00 4.239000000000000000e+04
1.498750000000000071e+01 4.394300000000000000e+04
1.998333333333333428e+01 4.468100000000000000e+04
2.497916666666666785e+01 4.576300000000000000e+04
2.997500000000000142e+01 4.663100000000000000e+04
3.497083333333333144e+01 4.756400000000000000e+04
3.996666666666666856e+01 4.790100000000000000e+04
4.496250000000000568e+01 4.925200000000000000e+04
4.995833333333333570e+01 4.925300000000000000e+04
5.495416666666666572e+01 4.976500000000000000e+04
5.995000000000000284e+01 5.036500000000000000e+04
6.494583333333333997e+01 5.108900000000000000e+04
6.994166666666666288e+01 5.091400000000000000e+04
7.493750000000000000e+01 5.130800000000000000e+04
7.993333333333333712e+01 5.128200000000000000e+04
8.492916666666667425e+01 5.170800000000000000e+04
8.992500000000001137e+01 5.160900000000000000e+04
9.492083333333333428e+01 5.167500000000000000e+04
9.991666666666667140e+01 5.223400000000000000e+04
1.049125000000000085e+02 5.163500000000000000e+04
1.099083333333333314e+02 5.185800000000000000e+04
1.149041666666666686e+02 5.169900000000000000e+04
1.199000000000000057e+02 5.142000000000000000e+04
1.248958333333333428e+02 5.133300000000000000e+04
1.298916666666666799e+02 5.058800000000000000e+04
1.348875000000000171e+02 5.032100000000000000e+04
1.398833333333333258e+02 5.027600000000000000e+04
1.448791666666666629e+02 4.931100000000000000e+04
1.498750000000000000e+02 4.848200000000000000e+04
1.548708333333333371e+02 4.780700000000000000e+04
1.598666666666666742e+02 4.697900000000000000e+04
1.648625000000000114e+02 4.638500000000000000e+04
1.698583333333333485e+02 4.576800000000000000e+04
1.748541666666666856e+02 4.432400000000000000e+04
1.798500000000000227e+02 4.358500000000000000e+04
1.848458333333333314e+02 4.203700000000000000e+04
1.898416666666666686e+02 4.101700000000000000e+04
1.948375000000000057e+02 3.994800000000000000e+04
1.998333333333333428e+02 3.863700000000000000e+04
2.048291666666666799e+02 3.740800000000000000e+04
2.098250000000000171e+02 3.562600000000000000e+04
2.148208333333333542e+02 3.388100000000000000e+04
2.198166666666666629e+02 3.245700000000000000e+04
2.248125000000000000e+02 3.131800000000000000e+04
2.298083333333333371e+02 2.974200000000000000e+04
2.348041666666666742e+02 2.793300000000000000e+04
2.398000000000000114e+02 2.642800000000000000e+04
2.447958333333333485e+02 2.496700000000000000e+04
2.497916666666666856e+02 2.353200000000000000e+04
2.547875000000000227e+02 2.221700000000000000e+04
2.597833333333333599e+02 2.083400000000000000e+04
2.647791666666666970e+02 1.925600000000000000e+04
2.697750000000000341e+02 1.800600000000000000e+04
2.747708333333333712e+02 1.679400000000000000e+04
2.797666666666666515e+02 1.551100000000000000e+04
2.847624999999999886e+02 1.461000000000000000e+04
2.897583333333333258e+02 1.353400000000000000e+04
2.947541666666666629e+02 1.301400000000000000e+04
2.997500000000000000e+02 1.178600000000000000e+04
3.047458333333333371e+02 1.106200000000000000e+04
3.097416666666666742e+02 1.068100000000000000e+04
3.147375000000000114e+02 1.009900000000000000e+04
3.197333333333333485e+02 9.651000000000000000e+03
3.247291666666666856e+02 9.334000000000000000e+03
3.297250000000000227e+02 9.075000000000000000e+03
3.347208333333333599e+02 8.598000000000000000e+03
3.397166666666666970e+02 8.581000000000000000e+03
3.447125000000000341e+02 8.644000000000000000e+03
3.497083333333333712e+02 8.776000000000000000e+03
3.547041666666667084e+02 8.722000000000000000e+03
3.597000000000000455e+02 8.775000000000000000e+03
3.646958333333333258e+02 8.992000000000000000e+03
3.696916666666666629e+02 9.406000000000000000e+03
3.746875000000000000e+02 9.758000000000000000e+03
3.796833333333333371e+02 1.036500000000000000e+04
3.846791666666666742e+02 1.061100000000000000e+04
3.896750000000000114e+02 1.138300000000000000e+04
3.946708333333333485e+02 1.202400000000000000e+04
3.996666666666666856e+02 1.295600000000000000e+04
4.046625000000000227e+02 1.383600000000000000e+04
4.096583333333333599e+02 1.499400000000000000e+04
4.146541666666666970e+02 1.600900000000000000e+04
4.196500000000000341e+02 1.742400000000000000e+04
4.246458333333333712e+02 1.867600000000000000e+04
4.296416666666667084e+02 1.968000000000000000e+04
4.346375000000000455e+02 2.098000000000000000e+04
4.396333333333333258e+02 2.248100000000000000e+04
4.446291666666666629e+02 2.389100000000000000e+04
4.496250000000000000e+02 2.596300000000000000e+04
4.546208333333333371e+02 2.708800000000000000e+04
4.596166666666666742e+02 2.837800000000000000e+04
4.646125000000000114e+02 3.029000000000000000e+04
4.696083333333333485e+02 3.159000000000000000e+04
4.746041666666666856e+02 3.330900000000000000e+04
4.796000000000000227e+02 3.472500000000000000e+04
4.845958333333333599e+02 3.615700000000000000e+04
4.895916666666666970e+02 3.759000000000000000e+04
4.945875000000000341e+02 3.899500000000000000e+04
4.995833333333333712e+02 4.061500000000000000e+04
5.045791666666667084e+02 4.136400000000000000e+04
5.095750000000000455e+02 4.257300000000000000e+04
5.145708333333333258e+02 4.383300000000000000e+04
5.195666666666667197e+02 4.465800000000000000e+04
5.245625000000000000e+02 4.552700000000000000e+04
5.295583333333333940e+02 4.662600000000000000e+04
5.345541666666666742e+02 4.788700000000000000e+04
5.395500000000000682e+02 4.840000000000000000e+04
5.445458333333333485e+02 4.892800000000000000e+04
5.495416666666667425e+02 4.956100000000000000e+04
5.545375000000000227e+02 5.000300000000000000e+04
5.595333333333333030e+02 5.056900000000000000e+04
5.645291666666666970e+02 5.040600000000000000e+04
5.695249999999999773e+02 5.099800000000000000e+04
5.745208333333333712e+02 5.108600000000000000e+04
5.795166666666666515e+02 5.188300000000000000e+04
5.845125000000000455e+02 5.164600000000000000e+04
5.895083333333333258e+02 5.153000000000000000e+04
5.945041666666667197e+02 5.197100000000000000e+04
5.995000000000000000e+02 5.184400000000000000e+04
6.044958333333333940e+02 5.169100000000000000e+04
6.094916666666666742e+02 5.174500000000000000e+04
6.144875000000000682e+02 5.153000000000000000e+04
6.194833333333333485e+02 5.145100000000000000e+04
6.244791666666667425e+02 5.099400000000000000e+04
6.294750000000000227e+02 5.092900000000000000e+04
6.344708333333334167e+02 5.030500000000000000e+04
6.394666666666666970e+02 4.972800000000000000e+04
6.444624999999999773e+02 4.928400000000000000e+04
6.494583333333333712e+02 4.877000000000000000e+04
6.544541666666666515e+02 4.783300000000000000e+04
6.594500000000000455e+02 4.714400000000000000e+04
6.644458333333333258e+02 4.672600000000000000e+04
6.694416666666667197e+02 4.565400000000000000e+04
6.744375000000000000e+02 4.389300000000000000e+04
6.794333333333333940e+02 4.358400000000000000e+04
6.844291666666666742e+02 4.226800000000000000e+04
6.894250000000000682e+02 4.137000000000000000e+04
6.944208333333333485e+02 3.999000000000000000e+04
6.994166666666667425e+02 3.855200000000000000e+04
7.044125000000000227e+02 3.744100000000000000e+04
7.094083333333334167e+02 3.588300000000000000e+04
7.144041666666666970e+02 3.412900000000000000e+04
7.194000000000000909e+02 3.316200000000000000e+04
7.243958333333333712e+02 3.147200000000000000e+04
7.293916666666666515e+02 2.987500000000000000e+04
7.343875000000000455e+02 2.851300000000000000e+04
7.393833333333333258e+02 2.672800000000000000e+04
7.443791666666667197e+02 2.514900000000000000e+04
7.493750000000000000e+02 2.402900000000000000e+04
7.543708333333333940e+02 2.259100000000000000e+04
7.593666666666666742e+02 2.089500000000000000e+04
7.643625000000000682e+02 1.962400000000000000e+04
7.693583333333333485e+02 1.839200000000000000e+04
7.743541666666667425e+02 1.719300000000000000e+04
7.793500000000000227e+02 1.592500000000000000e+04
7.843458333333334167e+02 1.491200000000000000e+04
7.893416666666666970e+02 1.382900000000000000e+04
7.943375000000000909e+02 1.309000000000000000e+04
7.993333333333333712e+02 1.214700000000000000e+04
8.043291666666666515e+02 1.164800000000000000e+04
8.093250000000000455e+02 1.076000000000000000e+04
8.143208333333333258e+02 1.043300000000000000e+04
8.193166666666667197e+02 9.746000000000000000e+03
8.243125000000000000e+02 9.315000000000000000e+03
8.293083333333333940e+02 9.257000000000000000e+03
8.343041666666666742e+02 9.041000000000000000e+03
8.393000000000000682e+02 8.849000000000000000e+03
8.442958333333333485e+02 8.634000000000000000e+03
8.492916666666667425e+02 8.729000000000000000e+03
8.542875000000000227e+02 8.924000000000000000e+03
8.592833333333334167e+02 8.889000000000000000e+03
8.642791666666666970e+02 9.421000000000000000e+03
8.692750000000000909e+02 9.674000000000000000e+03
8.742708333333333712e+02 9.798000000000000000e+03
8.792666666666666515e+02 1.039000000000000000e+04
8.842625000000000455e+02 1.081900000000000000e+04
8.892583333333333258e+02 1.146700000000000000e+04
8.942541666666667197e+02 1.226300000000000000e+04
8.992500000000000000e+02 1.302000000000000000e+04
9.042458333333333940e+02 1.400700000000000000e+04
9.092416666666666742e+02 1.459700000000000000e+04
9.142375000000000682e+02 1.596300000000000000e+04
9.192333333333333485e+02 1.711900000000000000e+04
9.242291666666667425e+02 1.850100000000000000e+04
9.292250000000000227e+02 1.963200000000000000e+04
9.342208333333334167e+02 2.114300000000000000e+04
9.392166666666666970e+02 2.266600000000000000e+04
9.442125000000000909e+02 2.379300000000000000e+04
9.492083333333333712e+02 2.551900000000000000e+04
9.542041666666667652e+02 2.697500000000000000e+04
9.592000000000000455e+02 2.895000000000000000e+04
9.641958333333333258e+02 3.020100000000000000e+04
9.691916666666667197e+02 3.149900000000000000e+04
9.741875000000000000e+02 3.311600000000000000e+04
9.791833333333333940e+02 3.469100000000000000e+04
9.841791666666666742e+02 3.642000000000000000e+04
9.891750000000000682e+02 3.782500000000000000e+04
9.941708333333333485e+02 3.909400000000000000e+04
