0.000000000000000000e+00 2.059500000000000000e+04
1.428000000000000000e+03 2.102800000000000000e+04
2.856000000000000000e+03 2.152000000000000000e+04
4.284000000000000000e+03 2.228300000000000000e+04
5.712000000000000000e+03 2.293800000000000000e+04
7.140000000000000000e+03 2.345500000000000000e+04
8.568000000000000000e+03 2.354200000000000000e+04
9.996000000000000000e+03 2.410000000000000000e+04
1.142400000000000000e+04 2.451700000000000000e+04
1.285200000000000000e+04 2.481000000000000000e+04
1.428000000000000000e+04 2.494300000000000000e+04
1.570800000000000000e+04 2.568700000000000000e+04
1.713600000000000000e+04 2.553400000000000000e+04
1.856400000000000000e+04 2.582700000000000000e+04
1.999200000000000000e+04 2.569000000000000000e+04
2.142000000000000000e+04 2.629000000000000000e+04
2.284800000000000000e+04 2.622000000000000000e+04
2.427600000000000000e+04 2.619600000000000000e+04
2.570400000000000000e+04 2.624000000000000000e+04
2.713200000000000000e+04 2.638500000000000000e+04
2.856000000000000000e+04 2.641900000000000000e+04
2.998800000000000000e+04 2.610700000000000000e+04
3.141600000000000000e+04 2.644100000000000000e+04
3.284400000000000000e+04 2.612200000000000000e+04
3.427200000000000000e+04 2.623000000000000000e+04
3.570000000000000000e+04 2.598800000000000000e+04
3.712800000000000000e+04 2.566900000000000000e+04
3.855600000000000000e+04 2.557400000000000000e+04
3.998400000000000000e+04 2.528300000000000000e+04
4.141200000000000000e+04 2.477300000000000000e+04
4.284000000000000000e+04 2.457900000000000000e+04
4.426800000000000000e+04 2.392700000000000000e+04
4.569600000000000000e+04 2.385100000000000000e+04
4.712400000000000000e+04 2.349900000000000000e+04
4.855200000000000000e+04 2.315100000000000000e+04
4.998000000000000000e+04 2.235100000000000000e+04
5.140800000000000000e+04 2.170300000000000000e+04
5.283600000000000000e+04 2.127300000000000000e+04
5.426400000000000000e+04 2.080300000000000000e+04
5.569200000000000000e+04 1.983900000000000000e+04
5.712000000000000000e+04 1.912200000000000000e+04
5.854800000000000000e+04 1.828600000000000000e+04
5.997600000000000000e+04 1.775800000000000000e+04
6.140400000000000000e+04 1.708400000000000000e+04
6.283200000000000000e+04 1.624700000000000000e+04
6.426000000000000000e+04 1.562300000000000000e+04
6.568800000000000000e+04 1.486800000000000000e+04
6.711600000000000000e+04 1.404000000000000000e+04
6.854400000000000000e+04 1.300400000000000000e+04
6.997200000000000000e+04 1.229400000000000000e+04
7.140000000000000000e+04 1.175800000000000000e+04
7.282800000000000000e+04 1.089700000000000000e+04
7.425600000000000000e+04 1.022200000000000000e+04
7.568400000000000000e+04 9.417000000000000000e+03
7.711200000000000000e+04 8.685000000000000000e+03
7.854000000000000000e+04 8.322000000000000000e+03
7.996800000000000000e+04 7.788000000000000000e+03
8.139600000000000000e+04 7.046000000000000000e+03
8.282400000000000000e+04 6.602000000000000000e+03
8.425200000000000000e+04 6.135000000000000000e+03
8.568000000000000000e+04 5.789000000000000000e+03
8.710800000000000000e+04 5.437000000000000000e+03
8.853600000000000000e+04 5.044000000000000000e+03
8.996400000000000000e+04 4.994000000000000000e+03
9.139200000000000000e+04 4.811000000000000000e+03
9.282000000000000000e+04 4.502000000000000000e+03
9.424800000000000000e+04 4.360000000000000000e+03
9.567600000000000000e+04 4.115000000000000000e+03
9.710400000000000000e+04 4.071000000000000000e+03
9.853200000000000000e+04 4.172000000000000000e+03
9.996000000000000000e+04 4.142000000000000000e+03
1.013880000000000000e+05 4.127000000000000000e+03
1.028160000000000000e+05 4.330000000000000000e+03
1.042440000000000000e+05 4.463000000000000000e+03
1.056720000000000000e+05 4.648000000000000000e+03
1.071000000000000000e+05 4.819000000000000000e+03
1.085280000000000000e+05 5.059000000000000000e+03
1.099560000000000000e+05 5.257000000000000000e+03
1.113840000000000000e+05 5.773000000000000000e+03
1.128120000000000000e+05 5.960000000000000000e+03
1.142400000000000000e+05 6.476000000000000000e+03
1.156680000000000000e+05 7.002000000000000000e+03
1.170960000000000000e+05 7.571000000000000000e+03
1.185240000000000000e+05 8.180000000000000000e+03
1.199520000000000000e+05 8.723000000000000000e+03
1.213800000000000000e+05 9.338000000000000000e+03
1.228080000000000000e+05 1.001800000000000000e+04
1.242360000000000000e+05 1.067200000000000000e+04
1.256640000000000000e+05 1.139200000000000000e+04
1.270920000000000000e+05 1.231600000000000000e+04
1.285200000000000000e+05 1.291000000000000000e+04
1.299480000000000000e+05 1.373700000000000000e+04
1.313760000000000000e+05 1.448800000000000000e+04
1.328040000000000000e+05 1.536600000000000000e+04
1.342320000000000000e+05 1.625300000000000000e+04
1.356600000000000000e+05 1.686500000000000000e+04
1.370880000000000000e+05 1.773800000000000000e+04
1.385160000000000000e+05 1.821600000000000000e+04
1.399440000000000000e+05 1.925100000000000000e+04
1.413720000000000000e+05 1.984000000000000000e+04
1.428000000000000000e+05 2.041300000000000000e+04
1.442280000000000000e+05 2.088200000000000000e+04
1.456560000000000000e+05 2.159500000000000000e+04
1.470840000000000000e+05 2.211400000000000000e+04
1.485120000000000000e+05 2.271400000000000000e+04
1.499400000000000000e+05 2.328000000000000000e+04
1.513680000000000000e+05 2.362000000000000000e+04
1.527960000000000000e+05 2.413900000000000000e+04
1.542240000000000000e+05 2.436100000000000000e+04
1.556520000000000000e+05 2.488100000000000000e+04
1.570800000000000000e+05 2.516300000000000000e+04
1.585080000000000000e+05 2.518000000000000000e+04
1.599360000000000000e+05 2.548200000000000000e+04
1.613640000000000000e+05 2.582400000000000000e+04
1.627920000000000000e+05 2.592800000000000000e+04
1.642200000000000000e+05 2.596400000000000000e+04
1.656480000000000000e+05 2.661600000000000000e+04
1.670760000000000000e+05 2.633100000000000000e+04
1.685040000000000000e+05 2.623200000000000000e+04
1.699320000000000000e+05 2.617100000000000000e+04
1.713600000000000000e+05 2.639800000000000000e+04
1.727880000000000000e+05 2.635000000000000000e+04
1.742160000000000000e+05 2.652700000000000000e+04
1.756440000000000000e+05 2.623600000000000000e+04
1.770720000000000000e+05 2.595500000000000000e+04
1.785000000000000000e+05 2.569200000000000000e+04
1.799280000000000000e+05 2.574200000000000000e+04
1.813560000000000000e+05 2.570500000000000000e+04
1.827840000000000000e+05 2.526300000000000000e+04
1.842120000000000000e+05 2.508900000000000000e+04
1.856400000000000000e+05 2.471200000000000000e+04
1.870680000000000000e+05 2.433900000000000000e+04
1.884960000000000000e+05 2.386100000000000000e+04
1.899240000000000000e+05 2.369000000000000000e+04
1.913520000000000000e+05 2.321200000000000000e+04
1.927800000000000000e+05 2.243400000000000000e+04
1.942080000000000000e+05 2.165800000000000000e+04
1.956360000000000000e+05 2.117700000000000000e+04
1.970640000000000000e+05 2.059200000000000000e+04
1.984920000000000000e+05 2.023800000000000000e+04
1.999200000000000000e+05 1.964500000000000000e+04
2.013480000000000000e+05 1.859400000000000000e+04
2.027760000000000000e+05 1.804200000000000000e+04
2.042040000000000000e+05 1.722500000000000000e+04
2.056320000000000000e+05 1.635900000000000000e+04
2.070600000000000000e+05 1.591700000000000000e+04
2.084880000000000000e+05 1.494400000000000000e+04
2.099160000000000000e+05 1.433500000000000000e+04
2.113440000000000000e+05 1.302500000000000000e+04
2.127720000000000000e+05 1.219700000000000000e+04
2.142000000000000000e+05 1.159300000000000000e+04
2.156280000000000000e+05 1.081400000000000000e+04
2.170560000000000000e+05 1.017200000000000000e+04
2.184840000000000000e+05 9.565000000000000000e+03
2.199120000000000000e+05 9.074000000000000000e+03
2.213400000000000000e+05 8.357000000000000000e+03
2.227680000000000000e+05 7.677000000000000000e+03
2.241960000000000000e+05 7.264000000000000000e+03
2.256240000000000000e+05 6.792000000000000000e+03
2.270520000000000000e+05 6.120000000000000000e+03
2.284800000000000000e+05 5.924000000000000000e+03
2.299080000000000000e+05 5.476000000000000000e+03
2.313360000000000000e+05 5.217000000000000000e+03
2.327640000000000000e+05 4.845000000000000000e+03
2.341920000000000000e+05 4.565000000000000000e+03
2.356200000000000000e+05 4.493000000000000000e+03
2.370480000000000000e+05 4.433000000000000000e+03
2.384760000000000000e+05 4.127000000000000000e+03
2.399040000000000000e+05 4.052000000000000000e+03
2.413320000000000000e+05 4.139000000000000000e+03
2.427600000000000000e+05 4.256000000000000000e+03
2.441880000000000000e+05 4.162000000000000000e+03
2.456160000000000000e+05 4.331000000000000000e+03
2.470440000000000000e+05 4.410000000000000000e+03
2.484720000000000000e+05 4.427000000000000000e+03
2.499000000000000000e+05 4.773000000000000000e+03
2.513280000000000000e+05 5.039000000000000000e+03
2.527560000000000000e+05 5.192000000000000000e+03
2.541840000000000000e+05 5.547000000000000000e+03
2.556120000000000000e+05 6.080000000000000000e+03
2.570400000000000000e+05 6.266000000000000000e+03
2.584680000000000000e+05 7.086000000000000000e+03
2.598960000000000000e+05 7.369000000000000000e+03
2.613240000000000000e+05 8.023000000000000000e+03
2.627520000000000000e+05 8.643000000000000000e+03
2.641800000000000000e+05 9.242000000000000000e+03
2.656080000000000000e+05 9.985000000000000000e+03
2.670360000000000000e+05 1.056200000000000000e+04
2.684640000000000000e+05 1.130900000000000000e+04
2.698920000000000000e+05 1.205300000000000000e+04
2.713200000000000000e+05 1.290300000000000000e+04
2.727480000000000000e+05 1.380900000000000000e+04
2.741760000000000000e+05 1.445500000000000000e+04
2.756040000000000000e+05 1.535100000000000000e+04
2.770320000000000000e+05 1.604700000000000000e+04
2.784600000000000000e+05 1.695800000000000000e+04
2.798880000000000000e+05 1.787100000000000000e+04
2.813160000000000000e+05 1.849200000000000000e+04
2.827440000000000000e+05 1.890900000000000000e+04
2.841720000000000000e+05 1.988300000000000000e+04
