0.000000000000000000e+00 1.490600000000000000e+04
5.000000000000000000e+01 1.561700000000000000e+04
1.000000000000000000e+02 1.574100000000000000e+04
1.500000000000000000e+02 1.615600000000000000e+04
2.000000000000000000e+02 1.674600000000000000e+04
2.500000000000000000e+02 1.679600000000000000e+04
3.000000000000000000e+02 1.684100000000000000e+04
3.500000000000000000e+02 1.753600000000000000e+04
4.000000000000000000e+02 1.792900000000000000e+04
4.500000000000000000e+02 1.794200000000000000e+04
5.000000000000000000e+02 1.830300000000000000e+04
5.500000000000000000e+02 1.849000000000000000e+04
6.000000000000000000e+02 1.873000000000000000e+04
6.500000000000000000e+02 1.881100000000000000e+04
7.000000000000000000e+02 1.844700000000000000e+04
7.500000000000000000e+02 1.904300000000000000e+04
8.000000000000000000e+02 1.933400000000000000e+04
8.500000000000000000e+02 1.920600000000000000e+04
9.000000000000000000e+02 1.911100000000000000e+04
9.500000000000000000e+02 1.907200000000000000e+04
1.000000000000000000e+03 1.925800000000000000e+04
1.050000000000000000e+03 1.898600000000000000e+04
1.100000000000000000e+03 1.908600000000000000e+04
1.150000000000000000e+03 1.884300000000000000e+04
1.200000000000000000e+03 1.882300000000000000e+04
1.250000000000000000e+03 1.870600000000000000e+04
1.300000000000000000e+03 1.895600000000000000e+04
1.350000000000000000e+03 1.831200000000000000e+04
1.400000000000000000e+03 1.842000000000000000e+04
1.450000000000000000e+03 1.827200000000000000e+04
1.500000000000000000e+03 1.767600000000000000e+04
1.550000000000000000e+03 1.762800000000000000e+04
1.600000000000000000e+03 1.750600000000000000e+04
1.650000000000000000e+03 1.701600000000000000e+04
1.700000000000000000e+03 1.666500000000000000e+04
1.750000000000000000e+03 1.626400000000000000e+04
1.800000000000000000e+03 1.605600000000000000e+04
1.850000000000000000e+03 1.544600000000000000e+04
1.900000000000000000e+03 1.509400000000000000e+04
1.950000000000000000e+03 1.444800000000000000e+04
2.000000000000000000e+03 1.396300000000000000e+04
2.050000000000000000e+03 1.354000000000000000e+04
2.100000000000000000e+03 1.280900000000000000e+04
2.150000000000000000e+03 1.227000000000000000e+04
2.200000000000000000e+03 1.179600000000000000e+04
2.250000000000000000e+03 1.114800000000000000e+04
2.300000000000000000e+03 1.079400000000000000e+04
2.350000000000000000e+03 9.848000000000000000e+03
2.400000000000000000e+03 9.600000000000000000e+03
2.450000000000000000e+03 8.920000000000000000e+03
2.500000000000000000e+03 8.380000000000000000e+03
2.550000000000000000e+03 7.996000000000000000e+03
2.600000000000000000e+03 7.274000000000000000e+03
2.650000000000000000e+03 6.807000000000000000e+03
2.700000000000000000e+03 6.295000000000000000e+03
2.750000000000000000e+03 6.010000000000000000e+03
2.800000000000000000e+03 5.448000000000000000e+03
2.850000000000000000e+03 5.111000000000000000e+03
2.900000000000000000e+03 4.796000000000000000e+03
2.950000000000000000e+03 4.453000000000000000e+03
3.000000000000000000e+03 4.234000000000000000e+03
3.050000000000000000e+03 3.950000000000000000e+03
3.100000000000000000e+03 3.702000000000000000e+03
3.150000000000000000e+03 3.527000000000000000e+03
3.200000000000000000e+03 3.301000000000000000e+03
3.250000000000000000e+03 3.187000000000000000e+03
3.300000000000000000e+03 2.978000000000000000e+03
3.350000000000000000e+03 2.939000000000000000e+03
3.400000000000000000e+03 2.907000000000000000e+03
3.450000000000000000e+03 3.021000000000000000e+03
3.500000000000000000e+03 2.945000000000000000e+03
3.550000000000000000e+03 3.057000000000000000e+03
3.600000000000000000e+03 3.064000000000000000e+03
3.650000000000000000e+03 3.119000000000000000e+03
3.700000000000000000e+03 3.272000000000000000e+03
3.750000000000000000e+03 3.368000000000000000e+03
3.800000000000000000e+03 3.660000000000000000e+03
3.850000000000000000e+03 3.774000000000000000e+03
3.900000000000000000e+03 4.114000000000000000e+03
3.950000000000000000e+03 4.226000000000000000e+03
4.000000000000000000e+03 4.756000000000000000e+03
4.050000000000000000e+03 5.009000000000000000e+03
4.100000000000000000e+03 5.397000000000000000e+03
4.150000000000000000e+03 5.860000000000000000e+03
4.200000000000000000e+03 6.292000000000000000e+03
4.250000000000000000e+03 6.778000000000000000e+03
4.300000000000000000e+03 7.143000000000000000e+03
4.350000000000000000e+03 7.660000000000000000e+03
4.400000000000000000e+03 8.245000000000000000e+03
4.450000000000000000e+03 8.701000000000000000e+03
4.500000000000000000e+03 9.321000000000000000e+03
4.550000000000000000e+03 1.011500000000000000e+04
4.600000000000000000e+03 1.031300000000000000e+04
4.650000000000000000e+03 1.102600000000000000e+04
4.700000000000000000e+03 1.170800000000000000e+04
4.750000000000000000e+03 1.225300000000000000e+04
4.800000000000000000e+03 1.276900000000000000e+04
4.850000000000000000e+03 1.334600000000000000e+04
4.900000000000000000e+03 1.383900000000000000e+04
4.950000000000000000e+03 1.447700000000000000e+04
5.000000000000000000e+03 1.487600000000000000e+04
5.050000000000000000e+03 1.515500000000000000e+04
5.100000000000000000e+03 1.568600000000000000e+04
5.150000000000000000e+03 1.607500000000000000e+04
5.200000000000000000e+03 1.644600000000000000e+04
5.250000000000000000e+03 1.698900000000000000e+04
5.300000000000000000e+03 1.698600000000000000e+04
5.350000000000000000e+03 1.759000000000000000e+04
5.400000000000000000e+03 1.774100000000000000e+04
5.450000000000000000e+03 1.832600000000000000e+04
5.500000000000000000e+03 1.819900000000000000e+04
5.550000000000000000e+03 1.843400000000000000e+04
5.600000000000000000e+03 1.858700000000000000e+04
5.650000000000000000e+03 1.888500000000000000e+04
5.700000000000000000e+03 1.880000000000000000e+04
5.750000000000000000e+03 1.900100000000000000e+04
5.800000000000000000e+03 1.921200000000000000e+04
5.850000000000000000e+03 1.938200000000000000e+04
5.900000000000000000e+03 1.927100000000000000e+04
5.950000000000000000e+03 1.922600000000000000e+04
6.000000000000000000e+03 1.918000000000000000e+04
6.050000000000000000e+03 1.915900000000000000e+04
6.100000000000000000e+03 1.899900000000000000e+04
6.150000000000000000e+03 1.895000000000000000e+04
6.200000000000000000e+03 1.878400000000000000e+04
6.250000000000000000e+03 1.880000000000000000e+04
6.300000000000000000e+03 1.858100000000000000e+04
6.350000000000000000e+03 1.846500000000000000e+04
6.400000000000000000e+03 1.821500000000000000e+04
6.450000000000000000e+03 1.817100000000000000e+04
6.500000000000000000e+03 1.814900000000000000e+04
6.550000000000000000e+03 1.774600000000000000e+04
6.600000000000000000e+03 1.722700000000000000e+04
6.650000000000000000e+03 1.691100000000000000e+04
6.700000000000000000e+03 1.652000000000000000e+04
6.750000000000000000e+03 1.618400000000000000e+04
6.800000000000000000e+03 1.581500000000000000e+04
6.850000000000000000e+03 1.514600000000000000e+04
6.900000000000000000e+03 1.503500000000000000e+04
6.950000000000000000e+03 1.435200000000000000e+04
7.000000000000000000e+03 1.402600000000000000e+04
7.050000000000000000e+03 1.357400000000000000e+04
7.100000000000000000e+03 1.297700000000000000e+04
7.150000000000000000e+03 1.224200000000000000e+04
7.200000000000000000e+03 1.177700000000000000e+04
7.250000000000000000e+03 1.113100000000000000e+04
7.300000000000000000e+03 1.046100000000000000e+04
7.350000000000000000e+03 1.009200000000000000e+04
7.400000000000000000e+03 9.538000000000000000e+03
7.450000000000000000e+03 8.985000000000000000e+03
7.500000000000000000e+03 8.244000000000000000e+03
7.550000000000000000e+03 7.748000000000000000e+03
7.600000000000000000e+03 7.333000000000000000e+03
7.650000000000000000e+03 6.836000000000000000e+03
7.700000000000000000e+03 6.375000000000000000e+03
7.750000000000000000e+03 5.964000000000000000e+03
7.800000000000000000e+03 5.482000000000000000e+03
7.850000000000000000e+03 5.083000000000000000e+03
7.900000000000000000e+03 4.678000000000000000e+03
7.950000000000000000e+03 4.348000000000000000e+03
8.000000000000000000e+03 4.080000000000000000e+03
8.050000000000000000e+03 3.830000000000000000e+03
8.100000000000000000e+03 3.628000000000000000e+03
8.150000000000000000e+03 3.460000000000000000e+03
8.200000000000000000e+03 3.326000000000000000e+03
8.250000000000000000e+03 3.343000000000000000e+03
8.300000000000000000e+03 3.163000000000000000e+03
8.350000000000000000e+03 2.918000000000000000e+03
8.400000000000000000e+03 2.863000000000000000e+03
8.450000000000000000e+03 2.900000000000000000e+03
8.500000000000000000e+03 3.006000000000000000e+03
8.550000000000000000e+03 2.947000000000000000e+03
8.600000000000000000e+03 2.993000000000000000e+03
8.650000000000000000e+03 3.100000000000000000e+03
8.700000000000000000e+03 3.214000000000000000e+03
8.750000000000000000e+03 3.441000000000000000e+03
8.800000000000000000e+03 3.643000000000000000e+03
8.850000000000000000e+03 3.904000000000000000e+03
8.900000000000000000e+03 4.084000000000000000e+03
8.950000000000000000e+03 4.339000000000000000e+03
9.000000000000000000e+03 4.684000000000000000e+03
9.050000000000000000e+03 5.077000000000000000e+03
9.100000000000000000e+03 5.384000000000000000e+03
9.150000000000000000e+03 5.700000000000000000e+03
9.200000000000000000e+03 6.116000000000000000e+03
9.250000000000000000e+03 6.648000000000000000e+03
9.300000000000000000e+03 7.088000000000000000e+03
9.350000000000000000e+03 7.794000000000000000e+03
9.400000000000000000e+03 8.314000000000000000e+03
9.450000000000000000e+03 8.848000000000000000e+03
9.500000000000000000e+03 9.318000000000000000e+03
9.550000000000000000e+03 9.834000000000000000e+03
9.600000000000000000e+03 1.032000000000000000e+04
9.650000000000000000e+03 1.109500000000000000e+04
9.700000000000000000e+03 1.182700000000000000e+04
9.750000000000000000e+03 1.210400000000000000e+04
9.800000000000000000e+03 1.268800000000000000e+04
9.850000000000000000e+03 1.328800000000000000e+04
9.900000000000000000e+03 1.383900000000000000e+04
9.950000000000000000e+03 1.434500000000000000e+04
