0.000000000000000000e+00 1.889900000000000000e+04
2.000000000000000000e+03 1.954400000000000000e+04
4.000000000000000000e+03 2.012400000000000000e+04
6.000000000000000000e+03 2.075500000000000000e+04
8.000000000000000000e+03 2.129300000000000000e+04
1.000000000000000000e+04 2.164500000000000000e+04
1.200000000000000000e+04 2.210700000000000000e+04
1.400000000000000000e+04 2.264800000000000000e+04
1.600000000000000000e+04 2.254700000000000000e+04
1.800000000000000000e+04 2.307000000000000000e+04
2.000000000000000000e+04 2.337900000000000000e+04
2.200000000000000000e+04 2.380600000000000000e+04
2.400000000000000000e+04 2.398700000000000000e+04
2.600000000000000000e+04 2.404500000000000000e+04
2.800000000000000000e+04 2.422900000000000000e+04
3.000000000000000000e+04 2.423800000000000000e+04
3.200000000000000000e+04 2.444700000000000000e+04
3.400000000000000000e+04 2.447300000000000000e+04
3.600000000000000000e+04 2.434700000000000000e+04
3.800000000000000000e+04 2.464300000000000000e+04
4.000000000000000000e+04 2.453300000000000000e+04
4.200000000000000000e+04 2.453200000000000000e+04
4.400000000000000000e+04 2.456200000000000000e+04
4.600000000000000000e+04 2.453300000000000000e+04
4.800000000000000000e+04 2.431400000000000000e+04
5.000000000000000000e+04 2.401500000000000000e+04
5.200000000000000000e+04 2.381400000000000000e+04
5.400000000000000000e+04 2.375000000000000000e+04
5.600000000000000000e+04 2.352900000000000000e+04
5.800000000000000000e+04 2.356400000000000000e+04
6.000000000000000000e+04 2.326000000000000000e+04
6.200000000000000000e+04 2.260400000000000000e+04
6.400000000000000000e+04 2.242400000000000000e+04
6.600000000000000000e+04 2.171500000000000000e+04
6.800000000000000000e+04 2.136800000000000000e+04
7.000000000000000000e+04 2.072100000000000000e+04
7.200000000000000000e+04 2.028900000000000000e+04
7.400000000000000000e+04 1.996800000000000000e+04
7.600000000000000000e+04 1.911400000000000000e+04
7.800000000000000000e+04 1.845900000000000000e+04
8.000000000000000000e+04 1.803100000000000000e+04
8.200000000000000000e+04 1.720900000000000000e+04
8.400000000000000000e+04 1.683500000000000000e+04
8.600000000000000000e+04 1.579800000000000000e+04
8.800000000000000000e+04 1.522900000000000000e+04
9.000000000000000000e+04 1.424500000000000000e+04
9.200000000000000000e+04 1.384500000000000000e+04
9.400000000000000000e+04 1.283200000000000000e+04
9.600000000000000000e+04 1.243200000000000000e+04
9.800000000000000000e+04 1.161600000000000000e+04
1.000000000000000000e+05 1.089400000000000000e+04
1.020000000000000000e+05 1.028800000000000000e+04
1.040000000000000000e+05 9.423000000000000000e+03
1.060000000000000000e+05 8.674000000000000000e+03
1.080000000000000000e+05 8.198000000000000000e+03
1.100000000000000000e+05 7.649000000000000000e+03
1.120000000000000000e+05 7.112000000000000000e+03
1.140000000000000000e+05 6.838000000000000000e+03
1.160000000000000000e+05 5.920000000000000000e+03
1.180000000000000000e+05 5.908000000000000000e+03
1.200000000000000000e+05 5.458000000000000000e+03
1.220000000000000000e+05 5.061000000000000000e+03
1.240000000000000000e+05 4.933000000000000000e+03
1.260000000000000000e+05 4.528000000000000000e+03
1.280000000000000000e+05 4.415000000000000000e+03
1.300000000000000000e+05 4.237000000000000000e+03
1.320000000000000000e+05 3.963000000000000000e+03
1.340000000000000000e+05 3.973000000000000000e+03
1.360000000000000000e+05 3.947000000000000000e+03
1.380000000000000000e+05 3.876000000000000000e+03
1.400000000000000000e+05 3.898000000000000000e+03
1.420000000000000000e+05 3.916000000000000000e+03
1.440000000000000000e+05 4.058000000000000000e+03
1.460000000000000000e+05 4.169000000000000000e+03
1.480000000000000000e+05 4.216000000000000000e+03
1.500000000000000000e+05 4.447000000000000000e+03
1.520000000000000000e+05 4.663000000000000000e+03
1.540000000000000000e+05 5.003000000000000000e+03
1.560000000000000000e+05 5.402000000000000000e+03
1.580000000000000000e+05 5.768000000000000000e+03
1.600000000000000000e+05 6.084000000000000000e+03
1.620000000000000000e+05 6.538000000000000000e+03
1.640000000000000000e+05 6.966000000000000000e+03
1.660000000000000000e+05 7.470000000000000000e+03
1.680000000000000000e+05 8.127000000000000000e+03
1.700000000000000000e+05 8.615000000000000000e+03
1.720000000000000000e+05 9.307000000000000000e+03
1.740000000000000000e+05 1.011700000000000000e+04
1.760000000000000000e+05 1.069300000000000000e+04
1.780000000000000000e+05 1.133000000000000000e+04
1.800000000000000000e+05 1.210000000000000000e+04
1.820000000000000000e+05 1.269700000000000000e+04
1.840000000000000000e+05 1.368900000000000000e+04
1.860000000000000000e+05 1.413500000000000000e+04
1.880000000000000000e+05 1.499900000000000000e+04
1.900000000000000000e+05 1.562100000000000000e+04
1.920000000000000000e+05 1.679200000000000000e+04
1.940000000000000000e+05 1.715900000000000000e+04
1.960000000000000000e+05 1.786600000000000000e+04
1.980000000000000000e+05 1.875800000000000000e+04
2.000000000000000000e+05 1.874700000000000000e+04
2.020000000000000000e+05 1.937800000000000000e+04
2.040000000000000000e+05 2.032900000000000000e+04
2.060000000000000000e+05 2.093400000000000000e+04
2.080000000000000000e+05 2.142000000000000000e+04
2.100000000000000000e+05 2.161600000000000000e+04
2.120000000000000000e+05 2.183700000000000000e+04
2.140000000000000000e+05 2.236100000000000000e+04
2.160000000000000000e+05 2.267700000000000000e+04
2.180000000000000000e+05 2.293400000000000000e+04
2.200000000000000000e+05 2.345500000000000000e+04
2.220000000000000000e+05 2.375900000000000000e+04
2.240000000000000000e+05 2.384400000000000000e+04
2.260000000000000000e+05 2.390100000000000000e+04
2.280000000000000000e+05 2.408100000000000000e+04
2.300000000000000000e+05 2.419500000000000000e+04
2.320000000000000000e+05 2.452000000000000000e+04
2.340000000000000000e+05 2.445600000000000000e+04
2.360000000000000000e+05 2.441900000000000000e+04
2.380000000000000000e+05 2.457400000000000000e+04
2.400000000000000000e+05 2.461400000000000000e+04
2.420000000000000000e+05 2.434200000000000000e+04
2.440000000000000000e+05 2.466100000000000000e+04
2.460000000000000000e+05 2.435200000000000000e+04
2.480000000000000000e+05 2.431200000000000000e+04
2.500000000000000000e+05 2.425600000000000000e+04
2.520000000000000000e+05 2.403900000000000000e+04
2.540000000000000000e+05 2.353100000000000000e+04
2.560000000000000000e+05 2.348000000000000000e+04
2.580000000000000000e+05 2.337400000000000000e+04
2.600000000000000000e+05 2.292000000000000000e+04
2.620000000000000000e+05 2.279700000000000000e+04
2.640000000000000000e+05 2.215300000000000000e+04
2.660000000000000000e+05 2.188200000000000000e+04
2.680000000000000000e+05 2.126200000000000000e+04
2.700000000000000000e+05 2.081100000000000000e+04
2.720000000000000000e+05 2.038300000000000000e+04
2.740000000000000000e+05 1.961200000000000000e+04
2.760000000000000000e+05 1.939000000000000000e+04
2.780000000000000000e+05 1.882300000000000000e+04
2.800000000000000000e+05 1.791100000000000000e+04
2.820000000000000000e+05 1.736900000000000000e+04
2.840000000000000000e+05 1.654900000000000000e+04
2.860000000000000000e+05 1.602300000000000000e+04
2.880000000000000000e+05 1.525400000000000000e+04
2.900000000000000000e+05 1.435600000000000000e+04
2.920000000000000000e+05 1.376200000000000000e+04
2.940000000000000000e+05 1.303800000000000000e+04
2.960000000000000000e+05 1.230700000000000000e+04
2.980000000000000000e+05 1.160500000000000000e+04
3.000000000000000000e+05 1.076500000000000000e+04
3.020000000000000000e+05 1.012400000000000000e+04
3.040000000000000000e+05 9.541000000000000000e+03
3.060000000000000000e+05 9.032000000000000000e+03
3.080000000000000000e+05 7.985000000000000000e+03
3.100000000000000000e+05 7.672000000000000000e+03
3.120000000000000000e+05 7.232000000000000000e+03
3.140000000000000000e+05 6.695000000000000000e+03
3.160000000000000000e+05 6.272000000000000000e+03
3.180000000000000000e+05 5.776000000000000000e+03
3.200000000000000000e+05 5.457000000000000000e+03
3.220000000000000000e+05 5.047000000000000000e+03
3.240000000000000000e+05 4.825000000000000000e+03
3.260000000000000000e+05 4.663000000000000000e+03
3.280000000000000000e+05 4.329000000000000000e+03
3.300000000000000000e+05 4.177000000000000000e+03
3.320000000000000000e+05 4.072000000000000000e+03
3.340000000000000000e+05 3.955000000000000000e+03
3.360000000000000000e+05 3.917000000000000000e+03
3.380000000000000000e+05 3.774000000000000000e+03
3.400000000000000000e+05 3.767000000000000000e+03
3.420000000000000000e+05 3.949000000000000000e+03
3.440000000000000000e+05 3.963000000000000000e+03
3.460000000000000000e+05 4.225000000000000000e+03
3.480000000000000000e+05 4.429000000000000000e+03
3.500000000000000000e+05 4.507000000000000000e+03
3.520000000000000000e+05 4.726000000000000000e+03
3.540000000000000000e+05 4.891000000000000000e+03
3.560000000000000000e+05 5.391000000000000000e+03
3.580000000000000000e+05 5.595000000000000000e+03
3.600000000000000000e+05 6.104000000000000000e+03
3.620000000000000000e+05 6.529000000000000000e+03
3.640000000000000000e+05 6.926000000000000000e+03
3.660000000000000000e+05 7.622000000000000000e+03
3.680000000000000000e+05 8.056000000000000000e+03
3.700000000000000000e+05 8.678000000000000000e+03
3.720000000000000000e+05 9.371000000000000000e+03
3.740000000000000000e+05 9.905000000000000000e+03
3.760000000000000000e+05 1.051900000000000000e+04
3.780000000000000000e+05 1.139000000000000000e+04
3.800000000000000000e+05 1.198400000000000000e+04
3.820000000000000000e+05 1.273700000000000000e+04
3.840000000000000000e+05 1.358000000000000000e+04
3.860000000000000000e+05 1.418200000000000000e+04
3.880000000000000000e+05 1.501300000000000000e+04
3.900000000000000000e+05 1.572500000000000000e+04
3.920000000000000000e+05 1.647700000000000000e+04
3.940000000000000000e+05 1.733000000000000000e+04
3.960000000000000000e+05 1.794200000000000000e+04
3.980000000000000000e+05 1.833500000000000000e+04
