0.000000000000000000e+00 4.016000000000000000e+04
2.000000000000000000e+00 4.123800000000000000e+04
4.000000000000000000e+00 4.270300000000000000e+04
6.000000000000000000e+00 4.363600000000000000e+04
8.000000000000000000e+00 4.460700000000000000e+04
1.000000000000000000e+01 4.614300000000000000e+04
1.200000000000000000e+01 4.655900000000000000e+04
1.400000000000000000e+01 4.751700000000000000e+04
1.600000000000000000e+01 4.821600000000000000e+04
1.800000000000000000e+01 4.934700000000000000e+04
2.000000000000000000e+01 4.967200000000000000e+04
2.200000000000000000e+01 5.001700000000000000e+04
2.400000000000000000e+01 5.020000000000000000e+04
2.600000000000000000e+01 5.095000000000000000e+04
2.800000000000000000e+01 5.127500000000000000e+04
3.000000000000000000e+01 5.133200000000000000e+04
3.200000000000000000e+01 5.117200000000000000e+04
3.400000000000000000e+01 5.200900000000000000e+04
3.600000000000000000e+01 5.214400000000000000e+04
3.800000000000000000e+01 5.206800000000000000e+04
4.000000000000000000e+01 5.220400000000000000e+04
4.200000000000000000e+01 5.174800000000000000e+04
4.400000000000000000e+01 5.174100000000000000e+04
4.600000000000000000e+01 5.192100000000000000e+04
4.800000000000000000e+01 5.177300000000000000e+04
5.000000000000000000e+01 5.125500000000000000e+04
5.200000000000000000e+01 5.068900000000000000e+04
5.400000000000000000e+01 5.067800000000000000e+04
5.600000000000000000e+01 4.985700000000000000e+04
5.800000000000000000e+01 4.950000000000000000e+04
6.000000000000000000e+01 4.887400000000000000e+04
6.200000000000000000e+01 4.819100000000000000e+04
6.400000000000000000e+01 4.752600000000000000e+04
6.600000000000000000e+01 4.695000000000000000e+04
6.800000000000000000e+01 4.572200000000000000e+04
7.000000000000000000e+01 4.454500000000000000e+04
7.200000000000000000e+01 4.411100000000000000e+04
7.400000000000000000e+01 4.270700000000000000e+04
7.600000000000000000e+01 4.173000000000000000e+04
7.800000000000000000e+01 4.016300000000000000e+04
8.000000000000000000e+01 3.893900000000000000e+04
8.200000000000000000e+01 3.758400000000000000e+04
8.400000000000000000e+01 3.653300000000000000e+04
8.600000000000000000e+01 3.479400000000000000e+04
8.800000000000000000e+01 3.343200000000000000e+04
9.000000000000000000e+01 3.211700000000000000e+04
9.200000000000000000e+01 3.031200000000000000e+04
9.400000000000000000e+01 2.909200000000000000e+04
9.600000000000000000e+01 2.721500000000000000e+04
9.800000000000000000e+01 2.557200000000000000e+04
1.000000000000000000e+02 2.413900000000000000e+04
1.020000000000000000e+02 2.261300000000000000e+04
1.040000000000000000e+02 2.142100000000000000e+04
1.060000000000000000e+02 1.995100000000000000e+04
1.080000000000000000e+02 1.863400000000000000e+04
1.100000000000000000e+02 1.754300000000000000e+04
1.120000000000000000e+02 1.636700000000000000e+04
1.140000000000000000e+02 1.524600000000000000e+04
1.160000000000000000e+02 1.456900000000000000e+04
1.180000000000000000e+02 1.342600000000000000e+04
1.200000000000000000e+02 1.248000000000000000e+04
1.220000000000000000e+02 1.170300000000000000e+04
1.240000000000000000e+02 1.107200000000000000e+04
1.260000000000000000e+02 1.053700000000000000e+04
1.280000000000000000e+02 9.986000000000000000e+03
1.300000000000000000e+02 9.672000000000000000e+03
1.320000000000000000e+02 9.299000000000000000e+03
1.340000000000000000e+02 8.958000000000000000e+03
1.360000000000000000e+02 8.920000000000000000e+03
1.380000000000000000e+02 9.064000000000000000e+03
1.400000000000000000e+02 8.772000000000000000e+03
1.420000000000000000e+02 8.726000000000000000e+03
1.440000000000000000e+02 8.965000000000000000e+03
1.460000000000000000e+02 9.104000000000000000e+03
1.480000000000000000e+02 9.666000000000000000e+03
1.500000000000000000e+02 9.831000000000000000e+03
1.520000000000000000e+02 1.034600000000000000e+04
1.540000000000000000e+02 1.094100000000000000e+04
1.560000000000000000e+02 1.135800000000000000e+04
1.580000000000000000e+02 1.241700000000000000e+04
1.600000000000000000e+02 1.305900000000000000e+04
1.620000000000000000e+02 1.418600000000000000e+04
1.640000000000000000e+02 1.459800000000000000e+04
1.660000000000000000e+02 1.595100000000000000e+04
1.680000000000000000e+02 1.679300000000000000e+04
1.700000000000000000e+02 1.826100000000000000e+04
1.720000000000000000e+02 1.949500000000000000e+04
1.740000000000000000e+02 2.097300000000000000e+04
1.760000000000000000e+02 2.253900000000000000e+04
1.780000000000000000e+02 2.378700000000000000e+04
1.800000000000000000e+02 2.533400000000000000e+04
1.820000000000000000e+02 2.668900000000000000e+04
1.840000000000000000e+02 2.834700000000000000e+04
1.860000000000000000e+02 2.993200000000000000e+04
1.880000000000000000e+02 3.141600000000000000e+04
1.900000000000000000e+02 3.308800000000000000e+04
1.920000000000000000e+02 3.480000000000000000e+04
1.940000000000000000e+02 3.613000000000000000e+04
1.960000000000000000e+02 3.731900000000000000e+04
1.980000000000000000e+02 3.928900000000000000e+04
2.000000000000000000e+02 3.999700000000000000e+04
2.020000000000000000e+02 4.150500000000000000e+04
2.040000000000000000e+02 4.254700000000000000e+04
2.060000000000000000e+02 4.372100000000000000e+04
2.080000000000000000e+02 4.454600000000000000e+04
2.100000000000000000e+02 4.581200000000000000e+04
2.120000000000000000e+02 4.652300000000000000e+04
2.140000000000000000e+02 4.698300000000000000e+04
2.160000000000000000e+02 4.821000000000000000e+04
2.180000000000000000e+02 4.907200000000000000e+04
2.200000000000000000e+02 4.937900000000000000e+04
2.220000000000000000e+02 4.959200000000000000e+04
2.240000000000000000e+02 5.087800000000000000e+04
2.260000000000000000e+02 5.101000000000000000e+04
2.280000000000000000e+02 5.136100000000000000e+04
2.300000000000000000e+02 5.164200000000000000e+04
2.320000000000000000e+02 5.185700000000000000e+04
2.340000000000000000e+02 5.171800000000000000e+04
2.360000000000000000e+02 5.190100000000000000e+04
2.380000000000000000e+02 5.181100000000000000e+04
2.400000000000000000e+02 5.209500000000000000e+04
2.420000000000000000e+02 5.213400000000000000e+04
2.440000000000000000e+02 5.186000000000000000e+04
2.460000000000000000e+02 5.145400000000000000e+04
2.480000000000000000e+02 5.158100000000000000e+04
2.500000000000000000e+02 5.098300000000000000e+04
2.520000000000000000e+02 5.116000000000000000e+04
2.540000000000000000e+02 5.067600000000000000e+04
2.560000000000000000e+02 4.992200000000000000e+04
2.580000000000000000e+02 4.961800000000000000e+04
2.600000000000000000e+02 4.907100000000000000e+04
2.620000000000000000e+02 4.860700000000000000e+04
2.640000000000000000e+02 4.770500000000000000e+04
2.660000000000000000e+02 4.675400000000000000e+04
2.680000000000000000e+02 4.606300000000000000e+04
2.700000000000000000e+02 4.466100000000000000e+04
2.720000000000000000e+02 4.402200000000000000e+04
2.740000000000000000e+02 4.283100000000000000e+04
2.760000000000000000e+02 4.151600000000000000e+04
2.780000000000000000e+02 4.027800000000000000e+04
2.800000000000000000e+02 3.918000000000000000e+04
2.820000000000000000e+02 3.795900000000000000e+04
2.840000000000000000e+02 3.640100000000000000e+04
2.860000000000000000e+02 3.493300000000000000e+04
2.880000000000000000e+02 3.346300000000000000e+04
2.900000000000000000e+02 3.186400000000000000e+04
2.920000000000000000e+02 3.031400000000000000e+04
2.940000000000000000e+02 2.858900000000000000e+04
2.960000000000000000e+02 2.723800000000000000e+04
2.980000000000000000e+02 2.542000000000000000e+04
3.000000000000000000e+02 2.440400000000000000e+04
3.020000000000000000e+02 2.267600000000000000e+04
3.040000000000000000e+02 2.143000000000000000e+04
3.060000000000000000e+02 1.993800000000000000e+04
3.080000000000000000e+02 1.881200000000000000e+04
3.100000000000000000e+02 1.753500000000000000e+04
3.120000000000000000e+02 1.612500000000000000e+04
3.140000000000000000e+02 1.530200000000000000e+04
3.160000000000000000e+02 1.429900000000000000e+04
3.180000000000000000e+02 1.340200000000000000e+04
3.200000000000000000e+02 1.254400000000000000e+04
3.220000000000000000e+02 1.173900000000000000e+04
3.240000000000000000e+02 1.119000000000000000e+04
3.260000000000000000e+02 1.054600000000000000e+04
3.280000000000000000e+02 9.986000000000000000e+03
3.300000000000000000e+02 9.569000000000000000e+03
3.320000000000000000e+02 9.158000000000000000e+03
3.340000000000000000e+02 8.988000000000000000e+03
3.360000000000000000e+02 8.960000000000000000e+03
3.380000000000000000e+02 8.814000000000000000e+03
3.400000000000000000e+02 8.795000000000000000e+03
3.420000000000000000e+02 8.988000000000000000e+03
3.440000000000000000e+02 9.004000000000000000e+03
3.460000000000000000e+02 9.132000000000000000e+03
3.480000000000000000e+02 9.239000000000000000e+03
3.500000000000000000e+02 9.900000000000000000e+03
3.520000000000000000e+02 1.020800000000000000e+04
3.540000000000000000e+02 1.072100000000000000e+04
3.560000000000000000e+02 1.146300000000000000e+04
3.580000000000000000e+02 1.230700000000000000e+04
3.600000000000000000e+02 1.297700000000000000e+04
3.620000000000000000e+02 1.389800000000000000e+04
3.640000000000000000e+02 1.485000000000000000e+04
3.660000000000000000e+02 1.606400000000000000e+04
3.680000000000000000e+02 1.683300000000000000e+04
3.700000000000000000e+02 1.818900000000000000e+04
3.720000000000000000e+02 1.966500000000000000e+04
3.740000000000000000e+02 2.118700000000000000e+04
3.760000000000000000e+02 2.281200000000000000e+04
3.780000000000000000e+02 2.364400000000000000e+04
3.800000000000000000e+02 2.547500000000000000e+04
3.820000000000000000e+02 2.698200000000000000e+04
3.840000000000000000e+02 2.843500000000000000e+04
3.860000000000000000e+02 2.967500000000000000e+04
3.880000000000000000e+02 3.153700000000000000e+04
3.900000000000000000e+02 3.328300000000000000e+04
3.920000000000000000e+02 3.480200000000000000e+04
3.940000000000000000e+02 3.588800000000000000e+04
3.960000000000000000e+02 3.768000000000000000e+04
3.980000000000000000e+02 3.884800000000000000e+04
