0.000000000000000000e+00 3.541800000000000000e+04
2.000000000000000111e-01 3.648700000000000000e+04
4.000000000000000222e-01 3.733500000000000000e+04
6.000000000000000888e-01 3.874500000000000000e+04
8.000000000000000444e-01 4.053500000000000000e+04
1.000000000000000000e+00 4.096200000000000000e+04
1.200000000000000178e+00 4.250300000000000000e+04
1.400000000000000133e+00 4.318100000000000000e+04
1.600000000000000089e+00 4.427100000000000000e+04
1.800000000000000044e+00 4.525700000000000000e+04
2.000000000000000000e+00 4.553000000000000000e+04
2.200000000000000178e+00 4.640400000000000000e+04
2.400000000000000355e+00 4.734500000000000000e+04
2.600000000000000089e+00 4.790900000000000000e+04
2.800000000000000266e+00 4.867500000000000000e+04
3.000000000000000000e+00 4.869200000000000000e+04
3.200000000000000178e+00 4.912400000000000000e+04
3.400000000000000355e+00 4.962800000000000000e+04
3.600000000000000089e+00 4.972500000000000000e+04
3.800000000000000266e+00 4.971200000000000000e+04
4.000000000000000000e+00 5.041400000000000000e+04
4.200000000000000178e+00 5.047500000000000000e+04
4.400000000000000355e+00 5.024500000000000000e+04
4.600000000000000533e+00 5.050500000000000000e+04
4.800000000000000711e+00 5.034400000000000000e+04
5.000000000000000000e+00 5.051300000000000000e+04
5.200000000000000178e+00 5.021300000000000000e+04
5.400000000000000355e+00 5.066100000000000000e+04
5.600000000000000533e+00 4.976400000000000000e+04
5.800000000000000711e+00 4.936100000000000000e+04
6.000000000000000000e+00 4.905600000000000000e+04
6.200000000000000178e+00 4.881600000000000000e+04
6.400000000000000355e+00 4.810600000000000000e+04
6.600000000000000533e+00 4.726400000000000000e+04
6.800000000000000711e+00 4.707200000000000000e+04
7.000000000000000000e+00 4.605400000000000000e+04
7.200000000000000178e+00 4.559400000000000000e+04
7.400000000000000355e+00 4.465700000000000000e+04
7.600000000000000533e+00 4.386400000000000000e+04
7.800000000000000711e+00 4.311600000000000000e+04
8.000000000000000000e+00 4.179100000000000000e+04
8.200000000000001066e+00 4.077300000000000000e+04
8.400000000000000355e+00 3.962200000000000000e+04
8.599999999999999645e+00 3.789000000000000000e+04
8.800000000000000711e+00 3.723500000000000000e+04
9.000000000000000000e+00 3.566400000000000000e+04
9.200000000000001066e+00 3.445700000000000000e+04
9.400000000000000355e+00 3.241900000000000000e+04
9.600000000000001421e+00 3.168000000000000000e+04
9.800000000000000711e+00 3.001100000000000000e+04
1.000000000000000000e+01 2.847200000000000000e+04
1.020000000000000107e+01 2.693300000000000000e+04
1.040000000000000036e+01 2.578700000000000000e+04
1.060000000000000142e+01 2.462000000000000000e+04
1.080000000000000071e+01 2.282200000000000000e+04
1.100000000000000000e+01 2.136600000000000000e+04
1.120000000000000107e+01 2.025700000000000000e+04
1.140000000000000036e+01 1.888600000000000000e+04
1.160000000000000142e+01 1.780700000000000000e+04
1.180000000000000071e+01 1.664400000000000000e+04
1.200000000000000000e+01 1.548000000000000000e+04
1.220000000000000107e+01 1.484800000000000000e+04
1.240000000000000036e+01 1.367700000000000000e+04
1.260000000000000142e+01 1.295400000000000000e+04
1.280000000000000071e+01 1.233200000000000000e+04
1.300000000000000000e+01 1.155600000000000000e+04
1.320000000000000107e+01 1.100700000000000000e+04
1.340000000000000036e+01 1.076100000000000000e+04
1.360000000000000142e+01 1.023200000000000000e+04
1.380000000000000071e+01 9.914000000000000000e+03
1.400000000000000000e+01 9.742000000000000000e+03
1.420000000000000107e+01 9.518000000000000000e+03
1.440000000000000036e+01 9.317000000000000000e+03
1.460000000000000142e+01 9.224000000000000000e+03
1.480000000000000071e+01 9.381000000000000000e+03
1.500000000000000000e+01 9.482000000000000000e+03
1.520000000000000107e+01 9.744000000000000000e+03
1.540000000000000036e+01 9.925000000000000000e+03
1.560000000000000142e+01 1.014700000000000000e+04
1.580000000000000071e+01 1.076200000000000000e+04
1.600000000000000000e+01 1.113700000000000000e+04
1.619999999999999929e+01 1.184700000000000000e+04
1.640000000000000213e+01 1.256700000000000000e+04
1.660000000000000142e+01 1.353800000000000000e+04
1.680000000000000071e+01 1.438900000000000000e+04
1.700000000000000000e+01 1.502400000000000000e+04
1.719999999999999929e+01 1.620000000000000000e+04
1.740000000000000213e+01 1.711300000000000000e+04
1.760000000000000142e+01 1.834200000000000000e+04
1.780000000000000071e+01 1.973600000000000000e+04
1.800000000000000000e+01 2.088600000000000000e+04
1.819999999999999929e+01 2.195700000000000000e+04
1.840000000000000213e+01 2.322500000000000000e+04
1.860000000000000142e+01 2.462700000000000000e+04
1.880000000000000071e+01 2.638700000000000000e+04
1.900000000000000000e+01 2.752100000000000000e+04
1.920000000000000284e+01 2.906500000000000000e+04
1.940000000000000213e+01 3.064100000000000000e+04
1.960000000000000142e+01 3.232700000000000000e+04
1.980000000000000071e+01 3.337200000000000000e+04
2.000000000000000000e+01 3.490500000000000000e+04
2.020000000000000284e+01 3.646100000000000000e+04
2.040000000000000213e+01 3.730800000000000000e+04
2.060000000000000142e+01 3.902500000000000000e+04
2.080000000000000071e+01 3.981000000000000000e+04
2.100000000000000000e+01 4.146800000000000000e+04
2.120000000000000284e+01 4.192700000000000000e+04
2.140000000000000213e+01 4.314600000000000000e+04
2.160000000000000142e+01 4.454500000000000000e+04
2.180000000000000071e+01 4.507500000000000000e+04
2.200000000000000000e+01 4.582300000000000000e+04
2.220000000000000284e+01 4.679000000000000000e+04
2.240000000000000213e+01 4.711600000000000000e+04
2.260000000000000142e+01 4.797300000000000000e+04
2.280000000000000071e+01 4.822900000000000000e+04
2.300000000000000000e+01 4.878600000000000000e+04
2.320000000000000284e+01 4.966900000000000000e+04
2.340000000000000213e+01 4.963200000000000000e+04
2.360000000000000142e+01 4.961300000000000000e+04
2.380000000000000071e+01 5.017400000000000000e+04
2.400000000000000000e+01 5.018500000000000000e+04
2.420000000000000284e+01 5.012200000000000000e+04
2.440000000000000213e+01 5.030800000000000000e+04
2.460000000000000142e+01 5.058100000000000000e+04
2.480000000000000071e+01 5.054000000000000000e+04
2.500000000000000000e+01 5.029300000000000000e+04
2.520000000000000284e+01 5.020600000000000000e+04
2.540000000000000213e+01 5.007800000000000000e+04
2.560000000000000142e+01 4.956400000000000000e+04
2.580000000000000071e+01 4.924700000000000000e+04
2.600000000000000000e+01 4.905600000000000000e+04
2.620000000000000284e+01 4.867000000000000000e+04
2.640000000000000213e+01 4.806400000000000000e+04
2.660000000000000142e+01 4.759600000000000000e+04
2.680000000000000071e+01 4.679900000000000000e+04
2.700000000000000000e+01 4.627000000000000000e+04
2.720000000000000284e+01 4.535500000000000000e+04
2.740000000000000213e+01 4.491700000000000000e+04
2.760000000000000142e+01 4.435600000000000000e+04
2.780000000000000071e+01 4.276900000000000000e+04
2.800000000000000000e+01 4.172900000000000000e+04
2.820000000000000284e+01 4.030200000000000000e+04
2.840000000000000213e+01 3.935700000000000000e+04
2.860000000000000142e+01 3.800100000000000000e+04
2.880000000000000071e+01 3.678900000000000000e+04
2.900000000000000000e+01 3.565300000000000000e+04
2.920000000000000284e+01 3.435100000000000000e+04
2.940000000000000213e+01 3.309600000000000000e+04
2.960000000000000142e+01 3.155300000000000000e+04
2.980000000000000071e+01 2.989400000000000000e+04
3.000000000000000000e+01 2.857500000000000000e+04
3.020000000000000284e+01 2.704500000000000000e+04
3.040000000000000213e+01 2.584600000000000000e+04
3.060000000000000142e+01 2.438700000000000000e+04
3.080000000000000071e+01 2.305800000000000000e+04
3.100000000000000000e+01 2.139900000000000000e+04
3.120000000000000284e+01 2.020000000000000000e+04
3.140000000000000213e+01 1.913300000000000000e+04
3.160000000000000142e+01 1.776500000000000000e+04
3.180000000000000071e+01 1.667400000000000000e+04
3.200000000000000000e+01 1.531800000000000000e+04
3.220000000000000284e+01 1.436700000000000000e+04
3.239999999999999858e+01 1.370000000000000000e+04
3.260000000000000142e+01 1.307200000000000000e+04
3.280000000000000426e+01 1.225100000000000000e+04
3.300000000000000000e+01 1.174400000000000000e+04
3.320000000000000284e+01 1.126900000000000000e+04
3.339999999999999858e+01 1.057300000000000000e+04
3.360000000000000142e+01 1.002400000000000000e+04
3.380000000000000426e+01 1.002600000000000000e+04
3.400000000000000000e+01 9.624000000000000000e+03
3.420000000000000284e+01 9.483000000000000000e+03
3.439999999999999858e+01 9.327000000000000000e+03
3.460000000000000142e+01 9.622000000000000000e+03
3.480000000000000426e+01 9.498000000000000000e+03
3.500000000000000000e+01 9.623000000000000000e+03
3.520000000000000284e+01 9.967000000000000000e+03
3.539999999999999858e+01 1.013100000000000000e+04
3.560000000000000142e+01 1.038400000000000000e+04
3.580000000000000426e+01 1.082800000000000000e+04
3.600000000000000000e+01 1.144300000000000000e+04
3.620000000000000284e+01 1.228900000000000000e+04
3.639999999999999858e+01 1.259400000000000000e+04
3.660000000000000142e+01 1.320500000000000000e+04
3.680000000000000426e+01 1.420700000000000000e+04
3.700000000000000000e+01 1.499400000000000000e+04
3.720000000000000284e+01 1.601600000000000000e+04
3.739999999999999858e+01 1.692900000000000000e+04
3.760000000000000142e+01 1.828100000000000000e+04
3.780000000000000426e+01 1.939100000000000000e+04
3.800000000000000000e+01 2.087600000000000000e+04
3.820000000000000284e+01 2.184700000000000000e+04
3.840000000000000568e+01 2.364400000000000000e+04
3.860000000000000142e+01 2.490600000000000000e+04
3.880000000000000426e+01 2.640100000000000000e+04
3.900000000000000000e+01 2.788100000000000000e+04
3.920000000000000284e+01 2.950100000000000000e+04
3.940000000000000568e+01 3.060100000000000000e+04
3.960000000000000142e+01 3.238400000000000000e+04
3.980000000000000426e+01 3.337200000000000000e+04
