0.000000000000000000e+00 1.428900000000000000e+04
3.300000000000000000e+01 1.509400000000000000e+04
6.600000000000000000e+01 1.553300000000000000e+04
9.900000000000000000e+01 1.584600000000000000e+04
1.320000000000000000e+02 1.602100000000000000e+04
1.650000000000000000e+02 1.642900000000000000e+04
1.980000000000000000e+02 1.703900000000000000e+04
2.310000000000000000e+02 1.731000000000000000e+04
2.640000000000000000e+02 1.744400000000000000e+04
2.970000000000000000e+02 1.743800000000000000e+04
3.300000000000000000e+02 1.768000000000000000e+04
3.630000000000000000e+02 1.815400000000000000e+04
3.960000000000000000e+02 1.802600000000000000e+04
4.290000000000000000e+02 1.838300000000000000e+04
4.620000000000000000e+02 1.843500000000000000e+04
4.950000000000000000e+02 1.859300000000000000e+04
5.280000000000000000e+02 1.863300000000000000e+04
5.610000000000000000e+02 1.871900000000000000e+04
5.940000000000000000e+02 1.865900000000000000e+04
6.270000000000000000e+02 1.867100000000000000e+04
6.600000000000000000e+02 1.877100000000000000e+04
6.930000000000000000e+02 1.871300000000000000e+04
7.260000000000000000e+02 1.836400000000000000e+04
7.590000000000000000e+02 1.854900000000000000e+04
7.920000000000000000e+02 1.859000000000000000e+04
8.250000000000000000e+02 1.827800000000000000e+04
8.580000000000000000e+02 1.816000000000000000e+04
8.910000000000000000e+02 1.812200000000000000e+04
9.240000000000000000e+02 1.811900000000000000e+04
9.570000000000000000e+02 1.751400000000000000e+04
9.900000000000000000e+02 1.746800000000000000e+04
1.023000000000000000e+03 1.722300000000000000e+04
1.056000000000000000e+03 1.698600000000000000e+04
1.089000000000000000e+03 1.671100000000000000e+04
1.122000000000000000e+03 1.622800000000000000e+04
1.155000000000000000e+03 1.586300000000000000e+04
1.188000000000000000e+03 1.571500000000000000e+04
1.221000000000000000e+03 1.529300000000000000e+04
1.254000000000000000e+03 1.477200000000000000e+04
1.287000000000000000e+03 1.454100000000000000e+04
1.320000000000000000e+03 1.385400000000000000e+04
1.353000000000000000e+03 1.327000000000000000e+04
1.386000000000000000e+03 1.284600000000000000e+04
1.419000000000000000e+03 1.220900000000000000e+04
1.452000000000000000e+03 1.175500000000000000e+04
1.485000000000000000e+03 1.123800000000000000e+04
1.518000000000000000e+03 1.065200000000000000e+04
1.551000000000000000e+03 1.025700000000000000e+04
1.584000000000000000e+03 9.577000000000000000e+03
1.617000000000000000e+03 8.959000000000000000e+03
1.650000000000000000e+03 8.426000000000000000e+03
1.683000000000000000e+03 7.945000000000000000e+03
1.716000000000000000e+03 7.442000000000000000e+03
1.749000000000000000e+03 6.970000000000000000e+03
1.782000000000000000e+03 6.497000000000000000e+03
1.815000000000000000e+03 6.067000000000000000e+03
1.848000000000000000e+03 5.731000000000000000e+03
1.881000000000000000e+03 5.173000000000000000e+03
1.914000000000000000e+03 4.773000000000000000e+03
1.947000000000000000e+03 4.532000000000000000e+03
1.980000000000000000e+03 4.220000000000000000e+03
2.013000000000000000e+03 3.981000000000000000e+03
2.046000000000000000e+03 3.700000000000000000e+03
2.079000000000000000e+03 3.479000000000000000e+03
2.112000000000000000e+03 3.458000000000000000e+03
2.145000000000000000e+03 3.207000000000000000e+03
2.178000000000000000e+03 3.128000000000000000e+03
2.211000000000000000e+03 2.992000000000000000e+03
2.244000000000000000e+03 2.947000000000000000e+03
2.277000000000000000e+03 2.955000000000000000e+03
2.310000000000000000e+03 2.957000000000000000e+03
2.343000000000000000e+03 2.957000000000000000e+03
2.376000000000000000e+03 3.003000000000000000e+03
2.409000000000000000e+03 3.105000000000000000e+03
2.442000000000000000e+03 3.160000000000000000e+03
2.475000000000000000e+03 3.212000000000000000e+03
2.508000000000000000e+03 3.465000000000000000e+03
2.541000000000000000e+03 3.629000000000000000e+03
2.574000000000000000e+03 3.770000000000000000e+03
2.607000000000000000e+03 4.082000000000000000e+03
2.640000000000000000e+03 4.352000000000000000e+03
2.673000000000000000e+03 4.701000000000000000e+03
2.706000000000000000e+03 5.000000000000000000e+03
2.739000000000000000e+03 5.332000000000000000e+03
2.772000000000000000e+03 5.817000000000000000e+03
2.805000000000000000e+03 6.303000000000000000e+03
2.838000000000000000e+03 6.622000000000000000e+03
2.871000000000000000e+03 7.145000000000000000e+03
2.904000000000000000e+03 7.667000000000000000e+03
2.937000000000000000e+03 8.201000000000000000e+03
2.970000000000000000e+03 8.837000000000000000e+03
3.003000000000000000e+03 9.007000000000000000e+03
3.036000000000000000e+03 9.830000000000000000e+03
3.069000000000000000e+03 1.023500000000000000e+04
3.102000000000000000e+03 1.096600000000000000e+04
3.135000000000000000e+03 1.149500000000000000e+04
3.168000000000000000e+03 1.206600000000000000e+04
3.201000000000000000e+03 1.257700000000000000e+04
3.234000000000000000e+03 1.295800000000000000e+04
3.267000000000000000e+03 1.371400000000000000e+04
3.300000000000000000e+03 1.408800000000000000e+04
3.333000000000000000e+03 1.437600000000000000e+04
3.366000000000000000e+03 1.478300000000000000e+04
3.399000000000000000e+03 1.507200000000000000e+04
3.432000000000000000e+03 1.575600000000000000e+04
3.465000000000000000e+03 1.635100000000000000e+04
3.498000000000000000e+03 1.697400000000000000e+04
3.531000000000000000e+03 1.675300000000000000e+04
3.564000000000000000e+03 1.725400000000000000e+04
3.597000000000000000e+03 1.708700000000000000e+04
3.630000000000000000e+03 1.755600000000000000e+04
3.663000000000000000e+03 1.773200000000000000e+04
3.696000000000000000e+03 1.805000000000000000e+04
3.729000000000000000e+03 1.808900000000000000e+04
3.762000000000000000e+03 1.825200000000000000e+04
3.795000000000000000e+03 1.866400000000000000e+04
3.828000000000000000e+03 1.857100000000000000e+04
3.861000000000000000e+03 1.875900000000000000e+04
3.894000000000000000e+03 1.866000000000000000e+04
3.927000000000000000e+03 1.903400000000000000e+04
3.960000000000000000e+03 1.860400000000000000e+04
3.993000000000000000e+03 1.871600000000000000e+04
4.026000000000000000e+03 1.858100000000000000e+04
4.059000000000000000e+03 1.844800000000000000e+04
4.092000000000000000e+03 1.856800000000000000e+04
4.125000000000000000e+03 1.845000000000000000e+04
4.158000000000000000e+03 1.849400000000000000e+04
4.191000000000000000e+03 1.829600000000000000e+04
4.224000000000000000e+03 1.793200000000000000e+04
4.257000000000000000e+03 1.789000000000000000e+04
4.290000000000000000e+03 1.758200000000000000e+04
4.323000000000000000e+03 1.757300000000000000e+04
4.356000000000000000e+03 1.722000000000000000e+04
4.389000000000000000e+03 1.710500000000000000e+04
4.422000000000000000e+03 1.644900000000000000e+04
4.455000000000000000e+03 1.642300000000000000e+04
4.488000000000000000e+03 1.591200000000000000e+04
4.521000000000000000e+03 1.575400000000000000e+04
4.554000000000000000e+03 1.523500000000000000e+04
4.587000000000000000e+03 1.492500000000000000e+04
4.620000000000000000e+03 1.428200000000000000e+04
4.653000000000000000e+03 1.386700000000000000e+04
4.686000000000000000e+03 1.317300000000000000e+04
4.719000000000000000e+03 1.283000000000000000e+04
4.752000000000000000e+03 1.230500000000000000e+04
4.785000000000000000e+03 1.190800000000000000e+04
4.818000000000000000e+03 1.139400000000000000e+04
4.851000000000000000e+03 1.080400000000000000e+04
4.884000000000000000e+03 1.011500000000000000e+04
4.917000000000000000e+03 9.422000000000000000e+03
4.950000000000000000e+03 8.914000000000000000e+03
4.983000000000000000e+03 8.335000000000000000e+03
5.016000000000000000e+03 7.687000000000000000e+03
5.049000000000000000e+03 7.343000000000000000e+03
5.082000000000000000e+03 6.817000000000000000e+03
5.115000000000000000e+03 6.419000000000000000e+03
5.148000000000000000e+03 5.883000000000000000e+03
5.181000000000000000e+03 5.529000000000000000e+03
5.214000000000000000e+03 5.290000000000000000e+03
5.247000000000000000e+03 4.870000000000000000e+03
5.280000000000000000e+03 4.493000000000000000e+03
5.313000000000000000e+03 4.207000000000000000e+03
5.346000000000000000e+03 3.964000000000000000e+03
5.379000000000000000e+03 3.573000000000000000e+03
5.412000000000000000e+03 3.674000000000000000e+03
5.445000000000000000e+03 3.367000000000000000e+03
5.478000000000000000e+03 3.155000000000000000e+03
5.511000000000000000e+03 3.044000000000000000e+03
5.544000000000000000e+03 2.965000000000000000e+03
5.577000000000000000e+03 2.962000000000000000e+03
5.610000000000000000e+03 2.980000000000000000e+03
5.643000000000000000e+03 2.991000000000000000e+03
5.676000000000000000e+03 2.814000000000000000e+03
5.709000000000000000e+03 2.928000000000000000e+03
5.742000000000000000e+03 2.986000000000000000e+03
5.775000000000000000e+03 3.143000000000000000e+03
5.808000000000000000e+03 3.273000000000000000e+03
5.841000000000000000e+03 3.587000000000000000e+03
5.874000000000000000e+03 3.602000000000000000e+03
5.907000000000000000e+03 3.696000000000000000e+03
5.940000000000000000e+03 4.087000000000000000e+03
5.973000000000000000e+03 4.483000000000000000e+03
6.006000000000000000e+03 4.635000000000000000e+03
6.039000000000000000e+03 5.060000000000000000e+03
6.072000000000000000e+03 5.172000000000000000e+03
6.105000000000000000e+03 5.888000000000000000e+03
6.138000000000000000e+03 6.168000000000000000e+03
6.171000000000000000e+03 6.654000000000000000e+03
6.204000000000000000e+03 7.082000000000000000e+03
6.237000000000000000e+03 7.485000000000000000e+03
6.270000000000000000e+03 8.199000000000000000e+03
6.303000000000000000e+03 8.701000000000000000e+03
6.336000000000000000e+03 9.281000000000000000e+03
6.369000000000000000e+03 9.761000000000000000e+03
6.402000000000000000e+03 1.044200000000000000e+04
6.435000000000000000e+03 1.091400000000000000e+04
6.468000000000000000e+03 1.153300000000000000e+04
6.501000000000000000e+03 1.199800000000000000e+04
6.534000000000000000e+03 1.263800000000000000e+04
6.567000000000000000e+03 1.319900000000000000e+04
6.600000000000000000e+03 1.366300000000000000e+04
6.633000000000000000e+03 1.419600000000000000e+04
