0.000000000000000000e+00 4.046900000000000000e+04
9.995833333333333570e+00 4.172900000000000000e+04
1.999166666666666714e+01 4.294000000000000000e+04
2.998750000000000071e+01 4.385900000000000000e+04
3.998333333333333428e+01 4.489700000000000000e+04
4.997916666666667140e+01 4.587400000000000000e+04
5.997500000000000142e+01 4.721500000000000000e+04
6.997083333333333144e+01 4.774500000000000000e+04
7.996666666666666856e+01 4.847100000000000000e+04
8.996250000000000568e+01 4.950400000000000000e+04
9.995833333333334281e+01 5.005000000000000000e+04
1.099541666666666657e+02 5.005400000000000000e+04
1.199500000000000028e+02 5.065200000000000000e+04
1.299458333333333258e+02 5.115200000000000000e+04
1.399416666666666629e+02 5.173800000000000000e+04
1.499375000000000000e+02 5.131300000000000000e+04
1.599333333333333371e+02 5.232600000000000000e+04
1.699291666666666742e+02 5.149600000000000000e+04
1.799250000000000114e+02 5.132300000000000000e+04
1.899208333333333485e+02 5.201800000000000000e+04
1.999166666666666856e+02 5.195100000000000000e+04
2.099124999999999943e+02 5.157700000000000000e+04
2.199083333333333314e+02 5.209900000000000000e+04
2.299041666666666686e+02 5.147600000000000000e+04
2.399000000000000057e+02 5.140000000000000000e+04
2.498958333333333428e+02 5.071000000000000000e+04
2.598916666666666515e+02 5.070300000000000000e+04
2.698874999999999886e+02 5.035300000000000000e+04
2.798833333333333258e+02 4.963200000000000000e+04
2.898791666666666629e+02 4.926000000000000000e+04
2.998750000000000000e+02 4.891500000000000000e+04
3.098708333333333371e+02 4.773600000000000000e+04
3.198666666666666742e+02 4.766500000000000000e+04
3.298625000000000114e+02 4.635400000000000000e+04
3.398583333333333485e+02 4.566800000000000000e+04
3.498541666666666856e+02 4.483000000000000000e+04
3.598500000000000227e+02 4.357700000000000000e+04
3.698458333333333599e+02 4.231700000000000000e+04
3.798416666666666970e+02 4.131500000000000000e+04
3.898375000000000341e+02 3.982000000000000000e+04
3.998333333333333712e+02 3.852400000000000000e+04
4.098291666666666515e+02 3.713600000000000000e+04
4.198249999999999886e+02 3.541800000000000000e+04
4.298208333333333258e+02 3.443100000000000000e+04
4.398166666666666629e+02 3.283300000000000000e+04
4.498125000000000000e+02 3.094500000000000000e+04
4.598083333333333371e+02 2.980600000000000000e+04
4.698041666666666742e+02 2.796400000000000000e+04
4.798000000000000114e+02 2.664200000000000000e+04
4.897958333333333485e+02 2.544600000000000000e+04
4.997916666666666856e+02 2.360300000000000000e+04
5.097875000000000227e+02 2.216000000000000000e+04
5.197833333333333030e+02 2.060000000000000000e+04
5.297791666666666970e+02 1.953500000000000000e+04
5.397749999999999773e+02 1.800300000000000000e+04
5.497708333333333712e+02 1.689800000000000000e+04
5.597666666666666515e+02 1.586900000000000000e+04
5.697625000000000455e+02 1.470800000000000000e+04
5.797583333333333258e+02 1.379800000000000000e+04
5.897541666666667197e+02 1.299100000000000000e+04
5.997500000000000000e+02 1.203600000000000000e+04
6.097458333333333940e+02 1.154100000000000000e+04
6.197416666666666742e+02 1.078800000000000000e+04
6.297375000000000682e+02 1.010800000000000000e+04
6.397333333333333485e+02 9.844000000000000000e+03
6.497291666666666288e+02 9.571000000000000000e+03
6.597250000000000227e+02 9.212000000000000000e+03
6.697208333333333030e+02 8.920000000000000000e+03
6.797166666666666970e+02 9.039000000000000000e+03
6.897124999999999773e+02 8.741000000000000000e+03
6.997083333333333712e+02 8.718000000000000000e+03
7.097041666666666515e+02 8.886000000000000000e+03
7.197000000000000455e+02 9.116000000000000000e+03
7.296958333333333258e+02 9.268000000000000000e+03
7.396916666666667197e+02 9.640000000000000000e+03
7.496875000000000000e+02 1.012100000000000000e+04
7.596833333333333940e+02 1.062700000000000000e+04
7.696791666666666742e+02 1.101700000000000000e+04
7.796750000000000682e+02 1.187700000000000000e+04
7.896708333333333485e+02 1.259500000000000000e+04
7.996666666666667425e+02 1.340600000000000000e+04
8.096625000000000227e+02 1.429700000000000000e+04
8.196583333333333030e+02 1.526300000000000000e+04
8.296541666666666970e+02 1.628900000000000000e+04
8.396499999999999773e+02 1.766100000000000000e+04
8.496458333333333712e+02 1.881600000000000000e+04
8.596416666666666515e+02 2.016000000000000000e+04
8.696375000000000455e+02 2.159600000000000000e+04
8.796333333333333258e+02 2.303600000000000000e+04
8.896291666666667197e+02 2.443300000000000000e+04
8.996250000000000000e+02 2.597100000000000000e+04
9.096208333333333940e+02 2.762400000000000000e+04
9.196166666666666742e+02 2.908200000000000000e+04
9.296125000000000682e+02 3.080400000000000000e+04
9.396083333333333485e+02 3.191900000000000000e+04
9.496041666666667425e+02 3.370100000000000000e+04
9.596000000000000227e+02 3.517500000000000000e+04
9.695958333333333030e+02 3.644100000000000000e+04
9.795916666666666970e+02 3.793700000000000000e+04
9.895874999999999773e+02 3.958500000000000000e+04
9.995833333333333712e+02 4.055400000000000000e+04
1.009579166666666652e+03 4.195200000000000000e+04
1.019575000000000045e+03 4.241400000000000000e+04
1.029570833333333439e+03 4.412400000000000000e+04
1.039566666666666606e+03 4.510500000000000000e+04
1.049562500000000000e+03 4.615700000000000000e+04
1.059558333333333394e+03 4.695300000000000000e+04
1.069554166666666788e+03 4.775100000000000000e+04
1.079549999999999955e+03 4.849300000000000000e+04
1.089545833333333348e+03 4.891700000000000000e+04
1.099541666666666742e+03 4.961300000000000000e+04
1.109537500000000136e+03 5.014900000000000000e+04
1.119533333333333303e+03 5.049400000000000000e+04
1.129529166666666697e+03 5.089800000000000000e+04
1.139525000000000091e+03 5.165100000000000000e+04
1.149520833333333258e+03 5.162300000000000000e+04
1.159516666666666652e+03 5.162000000000000000e+04
1.169512500000000045e+03 5.208900000000000000e+04
1.179508333333333439e+03 5.218000000000000000e+04
1.189504166666666606e+03 5.206700000000000000e+04
1.199500000000000000e+03 5.184500000000000000e+04
1.209495833333333394e+03 5.226200000000000000e+04
1.219491666666666788e+03 5.175600000000000000e+04
1.229487499999999955e+03 5.151800000000000000e+04
1.239483333333333348e+03 5.170000000000000000e+04
1.249479166666666742e+03 5.094300000000000000e+04
1.259475000000000136e+03 5.070500000000000000e+04
1.269470833333333303e+03 5.034700000000000000e+04
1.279466666666666697e+03 4.980600000000000000e+04
1.289462500000000091e+03 4.944600000000000000e+04
1.299458333333333258e+03 4.896700000000000000e+04
1.309454166666666652e+03 4.801000000000000000e+04
1.319450000000000045e+03 4.706500000000000000e+04
1.329445833333333439e+03 4.652100000000000000e+04
1.339441666666666606e+03 4.518800000000000000e+04
1.349437500000000000e+03 4.506900000000000000e+04
1.359433333333333394e+03 4.335900000000000000e+04
1.369429166666666788e+03 4.254600000000000000e+04
1.379424999999999955e+03 4.123200000000000000e+04
1.389420833333333348e+03 3.995000000000000000e+04
1.399416666666666742e+03 3.837500000000000000e+04
1.409412500000000136e+03 3.729400000000000000e+04
1.419408333333333303e+03 3.572700000000000000e+04
1.429404166666666697e+03 3.449000000000000000e+04
1.439400000000000091e+03 3.285700000000000000e+04
1.449395833333333258e+03 3.137700000000000000e+04
1.459391666666666652e+03 2.944700000000000000e+04
1.469387500000000045e+03 2.839100000000000000e+04
1.479383333333333439e+03 2.645300000000000000e+04
1.489379166666666606e+03 2.513900000000000000e+04
1.499375000000000000e+03 2.360300000000000000e+04
1.509370833333333394e+03 2.233300000000000000e+04
1.519366666666666788e+03 2.090200000000000000e+04
1.529362499999999955e+03 1.935900000000000000e+04
1.539358333333333348e+03 1.836200000000000000e+04
1.549354166666666742e+03 1.707400000000000000e+04
1.559350000000000136e+03 1.576900000000000000e+04
1.569345833333333303e+03 1.485200000000000000e+04
1.579341666666666697e+03 1.384800000000000000e+04
1.589337500000000091e+03 1.274500000000000000e+04
1.599333333333333485e+03 1.220200000000000000e+04
1.609329166666666652e+03 1.128100000000000000e+04
1.619325000000000045e+03 1.058000000000000000e+04
1.629320833333333439e+03 1.016300000000000000e+04
1.639316666666666606e+03 9.672000000000000000e+03
1.649312500000000000e+03 9.337000000000000000e+03
1.659308333333333394e+03 9.000000000000000000e+03
1.669304166666666788e+03 8.870000000000000000e+03
1.679299999999999955e+03 8.823000000000000000e+03
1.689295833333333348e+03 8.813000000000000000e+03
1.699291666666666742e+03 8.833000000000000000e+03
1.709287500000000136e+03 8.726000000000000000e+03
1.719283333333333303e+03 8.761000000000000000e+03
1.729279166666666697e+03 9.029000000000000000e+03
1.739275000000000091e+03 9.588000000000000000e+03
1.749270833333333485e+03 9.968000000000000000e+03
1.759266666666666652e+03 1.028900000000000000e+04
1.769262500000000045e+03 1.106100000000000000e+04
1.779258333333333439e+03 1.163300000000000000e+04
1.789254166666666606e+03 1.238800000000000000e+04
1.799250000000000000e+03 1.340400000000000000e+04
1.809245833333333394e+03 1.425100000000000000e+04
1.819241666666666788e+03 1.505600000000000000e+04
1.829237499999999955e+03 1.606300000000000000e+04
1.839233333333333348e+03 1.755100000000000000e+04
1.849229166666666742e+03 1.884000000000000000e+04
1.859225000000000136e+03 1.994200000000000000e+04
1.869220833333333303e+03 2.139100000000000000e+04
1.879216666666666697e+03 2.271400000000000000e+04
1.889212500000000091e+03 2.443100000000000000e+04
1.899208333333333485e+03 2.630700000000000000e+04
1.909204166666666652e+03 2.742900000000000000e+04
1.919200000000000045e+03 2.911300000000000000e+04
1.929195833333333439e+03 3.062600000000000000e+04
1.939191666666666606e+03 3.219500000000000000e+04
1.949187500000000000e+03 3.367100000000000000e+04
1.959183333333333394e+03 3.491300000000000000e+04
1.969179166666666788e+03 3.668600000000000000e+04
1.979174999999999955e+03 3.791200000000000000e+04
1.989170833333333348e+03 3.900800000000000000e+04
1.999166666666666742e+03 4.175000000000000000e+03
2.009162500000000136e+03 0.000000000000000000e+00
2.019158333333333303e+03 0.000000000000000000e+00
