0.000000000000000000e+00 1.586200000000000000e+04
2.000000000000000000e+02 1.621500000000000000e+04
4.000000000000000000e+02 1.673700000000000000e+04
6.000000000000000000e+02 1.713400000000000000e+04
8.000000000000000000e+02 1.752100000000000000e+04
1.000000000000000000e+03 1.783000000000000000e+04
1.200000000000000000e+03 1.842300000000000000e+04
1.400000000000000000e+03 1.882600000000000000e+04
1.600000000000000000e+03 1.895000000000000000e+04
1.800000000000000000e+03 1.931900000000000000e+04
2.000000000000000000e+03 1.954100000000000000e+04
2.200000000000000000e+03 1.995500000000000000e+04
2.400000000000000000e+03 1.967000000000000000e+04
2.600000000000000000e+03 1.979500000000000000e+04
2.800000000000000000e+03 1.985200000000000000e+04
3.000000000000000000e+03 2.001000000000000000e+04
3.200000000000000000e+03 2.024900000000000000e+04
3.400000000000000000e+03 2.062800000000000000e+04
3.600000000000000000e+03 2.070100000000000000e+04
3.800000000000000000e+03 2.053100000000000000e+04
4.000000000000000000e+03 2.052000000000000000e+04
4.200000000000000000e+03 2.032700000000000000e+04
4.400000000000000000e+03 2.022700000000000000e+04
4.600000000000000000e+03 2.026000000000000000e+04
4.800000000000000000e+03 2.013600000000000000e+04
5.000000000000000000e+03 2.008300000000000000e+04
5.200000000000000000e+03 2.014000000000000000e+04
5.400000000000000000e+03 1.979800000000000000e+04
5.600000000000000000e+03 1.959300000000000000e+04
5.800000000000000000e+03 1.921000000000000000e+04
6.000000000000000000e+03 1.898900000000000000e+04
6.200000000000000000e+03 1.866200000000000000e+04
6.400000000000000000e+03 1.852100000000000000e+04
6.600000000000000000e+03 1.801600000000000000e+04
6.800000000000000000e+03 1.767600000000000000e+04
7.000000000000000000e+03 1.739400000000000000e+04
7.200000000000000000e+03 1.687300000000000000e+04
7.400000000000000000e+03 1.645300000000000000e+04
7.600000000000000000e+03 1.622200000000000000e+04
7.800000000000000000e+03 1.566900000000000000e+04
8.000000000000000000e+03 1.493800000000000000e+04
8.200000000000000000e+03 1.389400000000000000e+04
8.400000000000000000e+03 1.374000000000000000e+04
8.600000000000000000e+03 1.320400000000000000e+04
8.800000000000000000e+03 1.249200000000000000e+04
9.000000000000000000e+03 1.183900000000000000e+04
9.200000000000000000e+03 1.123500000000000000e+04
9.400000000000000000e+03 1.068600000000000000e+04
9.600000000000000000e+03 1.006800000000000000e+04
9.800000000000000000e+03 9.353000000000000000e+03
1.000000000000000000e+04 9.028000000000000000e+03
1.020000000000000000e+04 8.322000000000000000e+03
1.040000000000000000e+04 7.846000000000000000e+03
1.060000000000000000e+04 7.275000000000000000e+03
1.080000000000000000e+04 6.749000000000000000e+03
1.100000000000000000e+04 6.290000000000000000e+03
1.120000000000000000e+04 5.842000000000000000e+03
1.140000000000000000e+04 5.524000000000000000e+03
1.160000000000000000e+04 5.142000000000000000e+03
1.180000000000000000e+04 4.742000000000000000e+03
1.200000000000000000e+04 4.468000000000000000e+03
1.220000000000000000e+04 4.177000000000000000e+03
1.240000000000000000e+04 3.970000000000000000e+03
1.260000000000000000e+04 3.707000000000000000e+03
1.280000000000000000e+04 3.545000000000000000e+03
1.300000000000000000e+04 3.345000000000000000e+03
1.320000000000000000e+04 3.351000000000000000e+03
1.340000000000000000e+04 3.317000000000000000e+03
1.360000000000000000e+04 3.186000000000000000e+03
1.380000000000000000e+04 3.192000000000000000e+03
1.400000000000000000e+04 3.248000000000000000e+03
1.420000000000000000e+04 3.183000000000000000e+03
1.440000000000000000e+04 3.106000000000000000e+03
1.460000000000000000e+04 3.335000000000000000e+03
1.480000000000000000e+04 3.505000000000000000e+03
1.500000000000000000e+04 3.738000000000000000e+03
1.520000000000000000e+04 3.923000000000000000e+03
1.540000000000000000e+04 4.144000000000000000e+03
1.560000000000000000e+04 4.252000000000000000e+03
1.580000000000000000e+04 4.663000000000000000e+03
1.600000000000000000e+04 4.915000000000000000e+03
1.620000000000000000e+04 5.130000000000000000e+03
1.640000000000000000e+04 5.612000000000000000e+03
1.660000000000000000e+04 5.986000000000000000e+03
1.680000000000000000e+04 6.510000000000000000e+03
1.700000000000000000e+04 7.047000000000000000e+03
1.720000000000000000e+04 7.695000000000000000e+03
1.740000000000000000e+04 8.124000000000000000e+03
1.760000000000000000e+04 8.836000000000000000e+03
1.780000000000000000e+04 9.307000000000000000e+03
1.800000000000000000e+04 9.823000000000000000e+03
1.820000000000000000e+04 1.045100000000000000e+04
1.840000000000000000e+04 1.126400000000000000e+04
1.860000000000000000e+04 1.175300000000000000e+04
1.880000000000000000e+04 1.226300000000000000e+04
1.900000000000000000e+04 1.314000000000000000e+04
1.920000000000000000e+04 1.373000000000000000e+04
1.940000000000000000e+04 1.414100000000000000e+04
1.960000000000000000e+04 1.484500000000000000e+04
1.980000000000000000e+04 1.565600000000000000e+04
2.000000000000000000e+04 1.557200000000000000e+04
2.020000000000000000e+04 1.625400000000000000e+04
2.040000000000000000e+04 1.690400000000000000e+04
2.060000000000000000e+04 1.717300000000000000e+04
2.080000000000000000e+04 1.771700000000000000e+04
2.100000000000000000e+04 1.788200000000000000e+04
2.120000000000000000e+04 1.833400000000000000e+04
2.140000000000000000e+04 1.862600000000000000e+04
2.160000000000000000e+04 1.898700000000000000e+04
2.180000000000000000e+04 1.915500000000000000e+04
2.200000000000000000e+04 1.918400000000000000e+04
2.220000000000000000e+04 1.957300000000000000e+04
2.240000000000000000e+04 1.964500000000000000e+04
2.260000000000000000e+04 2.013400000000000000e+04
2.280000000000000000e+04 2.007500000000000000e+04
2.300000000000000000e+04 2.003100000000000000e+04
2.320000000000000000e+04 2.034700000000000000e+04
2.340000000000000000e+04 2.019300000000000000e+04
2.360000000000000000e+04 2.062600000000000000e+04
2.380000000000000000e+04 2.055900000000000000e+04
2.400000000000000000e+04 2.046000000000000000e+04
2.420000000000000000e+04 2.050500000000000000e+04
2.440000000000000000e+04 2.015000000000000000e+04
2.460000000000000000e+04 2.031300000000000000e+04
2.480000000000000000e+04 2.026800000000000000e+04
2.500000000000000000e+04 1.985400000000000000e+04
2.520000000000000000e+04 1.982200000000000000e+04
2.540000000000000000e+04 1.957200000000000000e+04
2.560000000000000000e+04 1.956500000000000000e+04
2.580000000000000000e+04 1.894100000000000000e+04
2.600000000000000000e+04 1.899300000000000000e+04
2.620000000000000000e+04 1.886700000000000000e+04
2.640000000000000000e+04 1.834300000000000000e+04
2.660000000000000000e+04 1.793500000000000000e+04
2.680000000000000000e+04 1.749100000000000000e+04
2.700000000000000000e+04 1.724000000000000000e+04
2.720000000000000000e+04 1.699700000000000000e+04
2.740000000000000000e+04 1.665800000000000000e+04
2.760000000000000000e+04 1.578300000000000000e+04
2.780000000000000000e+04 1.553800000000000000e+04
2.800000000000000000e+04 1.469800000000000000e+04
2.820000000000000000e+04 1.420400000000000000e+04
2.840000000000000000e+04 1.371000000000000000e+04
2.860000000000000000e+04 1.324300000000000000e+04
2.880000000000000000e+04 1.268800000000000000e+04
2.900000000000000000e+04 1.206100000000000000e+04
2.920000000000000000e+04 1.133300000000000000e+04
2.940000000000000000e+04 1.076800000000000000e+04
2.960000000000000000e+04 1.022500000000000000e+04
2.980000000000000000e+04 9.522000000000000000e+03
3.000000000000000000e+04 8.834000000000000000e+03
3.020000000000000000e+04 8.395000000000000000e+03
3.040000000000000000e+04 7.650000000000000000e+03
3.060000000000000000e+04 7.308000000000000000e+03
3.080000000000000000e+04 6.699000000000000000e+03
3.100000000000000000e+04 6.478000000000000000e+03
3.120000000000000000e+04 5.831000000000000000e+03
3.140000000000000000e+04 5.380000000000000000e+03
3.160000000000000000e+04 5.144000000000000000e+03
3.180000000000000000e+04 4.832000000000000000e+03
3.200000000000000000e+04 4.380000000000000000e+03
3.220000000000000000e+04 4.219000000000000000e+03
3.240000000000000000e+04 3.904000000000000000e+03
3.260000000000000000e+04 3.794000000000000000e+03
3.280000000000000000e+04 3.510000000000000000e+03
3.300000000000000000e+04 3.415000000000000000e+03
3.320000000000000000e+04 3.293000000000000000e+03
3.340000000000000000e+04 3.262000000000000000e+03
3.360000000000000000e+04 3.162000000000000000e+03
3.380000000000000000e+04 3.111000000000000000e+03
3.400000000000000000e+04 3.156000000000000000e+03
3.420000000000000000e+04 3.318000000000000000e+03
3.440000000000000000e+04 3.356000000000000000e+03
3.460000000000000000e+04 3.373000000000000000e+03
3.480000000000000000e+04 3.543000000000000000e+03
3.500000000000000000e+04 3.565000000000000000e+03
3.520000000000000000e+04 3.850000000000000000e+03
3.540000000000000000e+04 4.016000000000000000e+03
3.560000000000000000e+04 4.300000000000000000e+03
3.580000000000000000e+04 4.457000000000000000e+03
3.600000000000000000e+04 5.006000000000000000e+03
3.620000000000000000e+04 5.361000000000000000e+03
3.640000000000000000e+04 5.733000000000000000e+03
3.660000000000000000e+04 6.304000000000000000e+03
3.680000000000000000e+04 6.698000000000000000e+03
3.700000000000000000e+04 7.047000000000000000e+03
3.720000000000000000e+04 7.677000000000000000e+03
3.740000000000000000e+04 8.311000000000000000e+03
3.760000000000000000e+04 8.639000000000000000e+03
3.780000000000000000e+04 9.472000000000000000e+03
3.800000000000000000e+04 9.972000000000000000e+03
3.820000000000000000e+04 1.057700000000000000e+04
3.840000000000000000e+04 1.120500000000000000e+04
3.860000000000000000e+04 1.174800000000000000e+04
3.880000000000000000e+04 1.246700000000000000e+04
3.900000000000000000e+04 1.290600000000000000e+04
3.920000000000000000e+04 1.363400000000000000e+04
3.940000000000000000e+04 1.419800000000000000e+04
3.960000000000000000e+04 1.470800000000000000e+04
3.980000000000000000e+04 1.518300000000000000e+04
