0.000000000000000000e+00 1.533800000000000000e+04
1.000000000000000000e+02 1.598300000000000000e+04
2.000000000000000000e+02 1.632000000000000000e+04
3.000000000000000000e+02 1.656500000000000000e+04
4.000000000000000000e+02 1.735900000000000000e+04
5.000000000000000000e+02 1.767700000000000000e+04
6.000000000000000000e+02 1.776700000000000000e+04
7.000000000000000000e+02 1.789200000000000000e+04
8.000000000000000000e+02 1.828400000000000000e+04
9.000000000000000000e+02 1.845400000000000000e+04
1.000000000000000000e+03 1.870000000000000000e+04
1.100000000000000000e+03 1.906600000000000000e+04
1.200000000000000000e+03 1.913600000000000000e+04
1.300000000000000000e+03 1.947500000000000000e+04
1.400000000000000000e+03 1.960200000000000000e+04
1.500000000000000000e+03 1.966000000000000000e+04
1.600000000000000000e+03 1.991200000000000000e+04
1.700000000000000000e+03 1.956500000000000000e+04
1.800000000000000000e+03 1.960700000000000000e+04
1.900000000000000000e+03 1.965200000000000000e+04
2.000000000000000000e+03 1.978000000000000000e+04
2.100000000000000000e+03 1.950100000000000000e+04
2.200000000000000000e+03 1.972900000000000000e+04
2.300000000000000000e+03 1.955200000000000000e+04
2.400000000000000000e+03 1.961700000000000000e+04
2.500000000000000000e+03 1.946400000000000000e+04
2.600000000000000000e+03 1.935400000000000000e+04
2.700000000000000000e+03 1.906200000000000000e+04
2.800000000000000000e+03 1.871000000000000000e+04
2.900000000000000000e+03 1.861300000000000000e+04
3.000000000000000000e+03 1.837500000000000000e+04
3.100000000000000000e+03 1.837600000000000000e+04
3.200000000000000000e+03 1.791700000000000000e+04
3.300000000000000000e+03 1.750100000000000000e+04
3.400000000000000000e+03 1.708000000000000000e+04
3.500000000000000000e+03 1.688200000000000000e+04
3.600000000000000000e+03 1.628900000000000000e+04
3.700000000000000000e+03 1.600300000000000000e+04
3.800000000000000000e+03 1.522600000000000000e+04
3.900000000000000000e+03 1.495800000000000000e+04
4.000000000000000000e+03 1.443700000000000000e+04
4.100000000000000000e+03 1.378700000000000000e+04
4.200000000000000000e+03 1.321500000000000000e+04
4.300000000000000000e+03 1.266300000000000000e+04
4.400000000000000000e+03 1.210200000000000000e+04
4.500000000000000000e+03 1.185400000000000000e+04
4.600000000000000000e+03 1.095900000000000000e+04
4.700000000000000000e+03 1.045300000000000000e+04
4.800000000000000000e+03 1.002000000000000000e+04
4.900000000000000000e+03 9.174000000000000000e+03
5.000000000000000000e+03 8.715000000000000000e+03
5.100000000000000000e+03 8.253000000000000000e+03
5.200000000000000000e+03 7.630000000000000000e+03
5.300000000000000000e+03 6.943000000000000000e+03
5.400000000000000000e+03 6.452000000000000000e+03
5.500000000000000000e+03 6.213000000000000000e+03
5.600000000000000000e+03 5.655000000000000000e+03
5.700000000000000000e+03 5.379000000000000000e+03
5.800000000000000000e+03 4.942000000000000000e+03
5.900000000000000000e+03 4.555000000000000000e+03
6.000000000000000000e+03 4.282000000000000000e+03
6.100000000000000000e+03 4.020000000000000000e+03
6.200000000000000000e+03 3.743000000000000000e+03
6.300000000000000000e+03 3.603000000000000000e+03
6.400000000000000000e+03 3.372000000000000000e+03
6.500000000000000000e+03 3.266000000000000000e+03
6.600000000000000000e+03 3.237000000000000000e+03
6.700000000000000000e+03 3.133000000000000000e+03
6.800000000000000000e+03 3.098000000000000000e+03
6.900000000000000000e+03 3.130000000000000000e+03
7.000000000000000000e+03 3.051000000000000000e+03
7.100000000000000000e+03 3.138000000000000000e+03
7.200000000000000000e+03 3.203000000000000000e+03
7.300000000000000000e+03 3.224000000000000000e+03
7.400000000000000000e+03 3.425000000000000000e+03
7.500000000000000000e+03 3.510000000000000000e+03
7.600000000000000000e+03 3.709000000000000000e+03
7.700000000000000000e+03 3.891000000000000000e+03
7.800000000000000000e+03 4.196000000000000000e+03
7.900000000000000000e+03 4.534000000000000000e+03
8.000000000000000000e+03 4.751000000000000000e+03
8.100000000000000000e+03 5.217000000000000000e+03
8.200000000000000000e+03 5.489000000000000000e+03
8.300000000000000000e+03 5.898000000000000000e+03
8.400000000000000000e+03 6.276000000000000000e+03
8.500000000000000000e+03 6.834000000000000000e+03
8.600000000000000000e+03 7.507000000000000000e+03
8.700000000000000000e+03 7.863000000000000000e+03
8.800000000000000000e+03 8.492000000000000000e+03
8.900000000000000000e+03 8.955000000000000000e+03
9.000000000000000000e+03 9.664000000000000000e+03
9.100000000000000000e+03 1.041100000000000000e+04
9.200000000000000000e+03 1.087400000000000000e+04
9.300000000000000000e+03 1.138100000000000000e+04
9.400000000000000000e+03 1.192900000000000000e+04
9.500000000000000000e+03 1.249900000000000000e+04
9.600000000000000000e+03 1.315100000000000000e+04
9.700000000000000000e+03 1.374900000000000000e+04
9.800000000000000000e+03 1.438500000000000000e+04
9.900000000000000000e+03 1.481400000000000000e+04
1.000000000000000000e+04 1.523700000000000000e+04
1.010000000000000000e+04 1.583000000000000000e+04
1.020000000000000000e+04 1.617800000000000000e+04
1.030000000000000000e+04 1.660700000000000000e+04
1.040000000000000000e+04 1.703200000000000000e+04
1.050000000000000000e+04 1.748000000000000000e+04
1.060000000000000000e+04 1.778300000000000000e+04
1.070000000000000000e+04 1.807400000000000000e+04
1.080000000000000000e+04 1.817200000000000000e+04
1.090000000000000000e+04 1.862900000000000000e+04
1.100000000000000000e+04 1.884600000000000000e+04
1.110000000000000000e+04 1.885800000000000000e+04
1.120000000000000000e+04 1.913500000000000000e+04
1.130000000000000000e+04 1.913400000000000000e+04
1.140000000000000000e+04 1.923300000000000000e+04
1.150000000000000000e+04 1.957300000000000000e+04
1.160000000000000000e+04 1.956200000000000000e+04
1.170000000000000000e+04 1.963400000000000000e+04
1.180000000000000000e+04 1.953000000000000000e+04
1.190000000000000000e+04 1.978700000000000000e+04
1.200000000000000000e+04 1.978900000000000000e+04
1.210000000000000000e+04 1.952300000000000000e+04
1.220000000000000000e+04 1.974200000000000000e+04
1.230000000000000000e+04 1.978000000000000000e+04
1.240000000000000000e+04 1.909500000000000000e+04
1.250000000000000000e+04 1.944800000000000000e+04
1.260000000000000000e+04 1.910900000000000000e+04
1.270000000000000000e+04 1.903600000000000000e+04
1.280000000000000000e+04 1.893100000000000000e+04
1.290000000000000000e+04 1.862400000000000000e+04
1.300000000000000000e+04 1.853200000000000000e+04
1.310000000000000000e+04 1.821200000000000000e+04
1.320000000000000000e+04 1.788600000000000000e+04
1.330000000000000000e+04 1.748500000000000000e+04
1.340000000000000000e+04 1.740900000000000000e+04
1.350000000000000000e+04 1.669500000000000000e+04
1.360000000000000000e+04 1.668400000000000000e+04
1.370000000000000000e+04 1.598400000000000000e+04
1.380000000000000000e+04 1.533000000000000000e+04
1.390000000000000000e+04 1.484800000000000000e+04
1.400000000000000000e+04 1.424100000000000000e+04
1.410000000000000000e+04 1.390300000000000000e+04
1.420000000000000000e+04 1.327000000000000000e+04
1.430000000000000000e+04 1.301200000000000000e+04
1.440000000000000000e+04 1.226100000000000000e+04
1.450000000000000000e+04 1.137500000000000000e+04
1.460000000000000000e+04 1.097000000000000000e+04
1.470000000000000000e+04 1.026500000000000000e+04
1.480000000000000000e+04 9.793000000000000000e+03
1.490000000000000000e+04 9.126000000000000000e+03
1.500000000000000000e+04 8.686000000000000000e+03
1.510000000000000000e+04 7.954000000000000000e+03
1.520000000000000000e+04 7.518000000000000000e+03
1.530000000000000000e+04 6.925000000000000000e+03
1.540000000000000000e+04 6.515000000000000000e+03
1.550000000000000000e+04 6.221000000000000000e+03
1.560000000000000000e+04 5.631000000000000000e+03
1.570000000000000000e+04 5.334000000000000000e+03
1.580000000000000000e+04 4.857000000000000000e+03
1.590000000000000000e+04 4.686000000000000000e+03
1.600000000000000000e+04 4.320000000000000000e+03
1.610000000000000000e+04 3.904000000000000000e+03
1.620000000000000000e+04 3.853000000000000000e+03
1.630000000000000000e+04 3.714000000000000000e+03
1.640000000000000000e+04 3.462000000000000000e+03
1.650000000000000000e+04 3.283000000000000000e+03
1.660000000000000000e+04 3.167000000000000000e+03
1.670000000000000000e+04 3.081000000000000000e+03
1.680000000000000000e+04 3.184000000000000000e+03
1.690000000000000000e+04 2.970000000000000000e+03
1.700000000000000000e+04 3.095000000000000000e+03
1.710000000000000000e+04 3.027000000000000000e+03
1.720000000000000000e+04 3.192000000000000000e+03
1.730000000000000000e+04 3.299000000000000000e+03
1.740000000000000000e+04 3.344000000000000000e+03
1.750000000000000000e+04 3.577000000000000000e+03
1.760000000000000000e+04 3.609000000000000000e+03
1.770000000000000000e+04 3.957000000000000000e+03
1.780000000000000000e+04 4.229000000000000000e+03
1.790000000000000000e+04 4.579000000000000000e+03
1.800000000000000000e+04 4.792000000000000000e+03
1.810000000000000000e+04 5.087000000000000000e+03
1.820000000000000000e+04 5.421000000000000000e+03
1.830000000000000000e+04 6.094000000000000000e+03
1.840000000000000000e+04 6.320000000000000000e+03
1.850000000000000000e+04 6.885000000000000000e+03
1.860000000000000000e+04 7.361000000000000000e+03
1.870000000000000000e+04 7.833000000000000000e+03
1.880000000000000000e+04 8.365000000000000000e+03
1.890000000000000000e+04 9.124000000000000000e+03
1.900000000000000000e+04 9.553000000000000000e+03
1.910000000000000000e+04 1.026700000000000000e+04
1.920000000000000000e+04 1.085300000000000000e+04
1.930000000000000000e+04 1.145200000000000000e+04
1.940000000000000000e+04 1.213600000000000000e+04
1.950000000000000000e+04 1.251000000000000000e+04
1.960000000000000000e+04 1.334300000000000000e+04
1.970000000000000000e+04 1.384400000000000000e+04
1.980000000000000000e+04 1.417500000000000000e+04
1.990000000000000000e+04 1.480700000000000000e+04
